1.9459529782774927
4.226986345525219
4.226986345525219
4.5280163411892005
4.226986345525219
4.5280163411892005
4.5280163411892005
4.5280163411892005
4.5280163411892005
3.486623656030976
2.1080605926994433
2.884563664703014
4.5280163411892005
1.8195954410544886
3.113042993218383
3.829046336853182
4.5280163411892005
4.226986345525219
3.925956349861239
3.2975674198109273
4.226986345525219
4.5280163411892005
4.226986345525219
4.226986345525219
4.5280163411892005
4.5280163411892005
4.050895086469539
4.5280163411892005
4.226986345525219
4.050895086469539
4.050895086469539
4.226986345525219
4.226986345525219
4.5280163411892005
4.050895086469539
3.829046336853182
4.050895086469539
4.5280163411892005
3.185593660366995
4.226986345525219
2.820446165091265
3.7498650908055575
4.050895086469539
2.5367902654967063
3.925956349861239
4.226986345525219
3.829046336853182
4.5280163411892005
4.226986345525219
3.682918301174944
3.925956349861239
4.050895086469539
4.226986345525219
2.3461727532444288
4.226986345525219
4.5280163411892005
4.5280163411892005
4.226986345525219
3.35192508213352
4.226986345525219
4.226986345525219
4.226986345525219
2.9047670507913006
4.226986345525219
4.5280163411892005
4.050895086469539
4.226986345525219
3.925956349861239
4.226986345525219
3.682918301174944
4.226986345525219
3.381888305510963
4.050895086469539
4.5280163411892005
3.486623656030976
4.226986345525219
3.249262740236372
3.829046336853182
4.226986345525219
4.050895086469539
4.5280163411892005
4.226986345525219
3.22698634552522
4.226986345525219
4.226986345525219
3.1478050994775955
3.35192508213352
4.226986345525219
4.5280163411892005
3.1300763325171634
4.226986345525219
4.5280163411892005
4.050895086469539
3.6249263541972576
4.226986345525219
4.226986345525219
4.226986345525219
3.829046336853182
4.050895086469539
4.050895086469539
4.050895086469539
4.5280163411892005
4.050895086469539
4.226986345525219
4.226986345525219
4.5280163411892005
4.226986345525219
3.829046336853182
3.925956349861239
4.226986345525219
3.1478050994775955
4.5280163411892005
4.5280163411892005
3.925956349861239
3.925956349861239
3.925956349861239
3.486623656030976
3.7498650908055575
3.7498650908055575
4.050895086469539
4.050895086469539
4.5280163411892005
4.050895086469539
3.6249263541972576
4.226986345525219
4.226986345525219
4.050895086469539
4.226986345525219
3.925956349861239
4.050895086469539
4.226986345525219
3.113042993218383
4.5280163411892005
3.925956349861239
3.35192508213352
3.35192508213352
3.682918301174944
4.050895086469539
4.5280163411892005
4.226986345525219
3.925956349861239
3.925956349861239
2.7956225813662323
4.226986345525219
4.050895086469539
4.5280163411892005
4.5280163411892005
4.050895086469539
4.050895086469539
4.050895086469539
3.249262740236372
4.5280163411892005
4.226986345525219
4.5280163411892005
4.5280163411892005
4.226986345525219
4.5280163411892005
4.226986345525219
3.925956349861239
3.009502401311314
2.7356246516909475
4.050895086469539
4.050895086469539
4.050895086469539
3.925956349861239
2.996537424146946
4.226986345525219
4.226986345525219
3.925956349861239
4.226986345525219
4.226986345525219
3.080858309846982
3.2975674198109273
3.7498650908055575
3.682918301174944
2.4140729888823644
3.7498650908055575
3.6249263541972576
4.5280163411892005
4.5280163411892005
3.7498650908055575
4.050895086469539
3.7498650908055575
4.226986345525219
3.0228663628692956
4.226986345525219
4.5280163411892005
3.6249263541972576
3.829046336853182
4.226986345525219
3.4488350951415763
3.925956349861239
4.050895086469539
3.925956349861239
4.226986345525219
2.8290463368531826
3.925956349861239
3.925956349861239
2.5151791164840294
3.4140729888823644
4.5280163411892005
3.925956349861239
4.050895086469539
4.226986345525219
3.486623656030976
3.925956349861239
3.925956349861239
4.050895086469539
4.5280163411892005
4.226986345525219
4.050895086469539
2.8945478856096147
4.226986345525219
4.226986345525219
2.865258509507627
3.4488350951415763
3.829046336853182
3.6249263541972576
3.7498650908055575
4.226986345525219
4.226986345525219
4.226986345525219
4.5280163411892005
3.4488350951415763
4.050895086469539
3.829046336853182
4.226986345525219
3.1662885051716083
3.3238963585332764
4.5280163411892005
3.6249263541972576
2.3433249103716025
3.5280163411892014
3.381888305510963
3.682918301174944
2.9598146171222064
3.7498650908055575
1.3545386977362068
4.226986345525219
2.3433249103716025
3.4488350951415763
4.5280163411892005
4.5280163411892005
3.829046336853182
4.5280163411892005
4.226986345525219
3.7498650908055575
3.925956349861239
4.5280163411892005
4.5280163411892005
4.226986345525219
4.226986345525219
4.226986345525219
2.9717138404219137
4.226986345525219
4.5280163411892005
3.22698634552522
4.050895086469539
3.22698634552522
3.4140729888823644
4.226986345525219
3.682918301174944
3.925956349861239
3.925956349861239
4.050895086469539
4.050895086469539
4.226986345525219
4.226986345525219
4.226986345525219
4.5280163411892005
4.050895086469539
3.829046336853182
4.050895086469539
4.5280163411892005
4.5280163411892005
4.050895086469539
4.5280163411892005
4.5280163411892005
3.682918301174944
4.226986345525219
4.5280163411892005
4.050895086469539
4.050895086469539
4.5280163411892005
4.226986345525219
4.226986345525219
3.829046336853182
4.5280163411892005
3.682918301174944
4.226986345525219
3.35192508213352
4.226986345525219
3.829046336853182
4.050895086469539
3.7498650908055575
4.226986345525219
4.226986345525219
3.682918301174944
3.925956349861239
2.6142024888054847
4.050895086469539
3.7498650908055575
3.4488350951415763
4.226986345525219
4.226986345525219
4.226986345525219
4.050895086469539
3.5280163411892014
4.050895086469539
4.050895086469539
4.050895086469539
4.226986345525219
3.5280163411892014
4.226986345525219
3.2975674198109273
3.486623656030976
3.573773831749876
3.381888305510963
4.226986345525219
4.5280163411892005
4.5280163411892005
3.573773831749876
4.050895086469539
4.226986345525219
4.226986345525219
4.226986345525219
3.682918301174944
3.925956349861239
3.925956349861239
3.925956349861239
4.226986345525219
4.050895086469539
3.6249263541972576
4.5280163411892005
4.5280163411892005
3.2975674198109273
4.5280163411892005
4.226986345525219
4.226986345525219
4.050895086469539
4.226986345525219
4.050895086469539
4.050895086469539
4.050895086469539
4.050895086469539
4.050895086469539
4.050895086469539
4.226986345525219
4.226986345525219
4.050895086469539
4.226986345525219
4.226986345525219
3.6249263541972576
4.226986345525219
3.573773831749876
4.226986345525219
3.7498650908055575
3.7498650908055575
4.050895086469539
4.226986345525219
3.829046336853182
3.6249263541972576
4.226986345525219
3.925956349861239
4.050895086469539
4.5280163411892005
4.5280163411892005
4.226986345525219
4.226986345525219
4.050895086469539
4.050895086469539
4.5280163411892005
3.22698634552522
3.486623656030976
4.5280163411892005
4.226986345525219
4.226986345525219
4.226986345525219
1.9369517341627023
4.5280163411892005
4.5280163411892005
4.050895086469539
4.050895086469539
3.1662885051716083
3.249262740236372
4.226986345525219
3.3238963585332764
4.226986345525219
4.050895086469539
4.050895086469539
4.5280163411892005
3.925956349861239
4.226986345525219
3.925956349861239
3.7498650908055575
4.5280163411892005
3.682918301174944
4.050895086469539
3.1478050994775955
4.226986345525219
4.5280163411892005
4.5280163411892005
3.925956349861239
3.925956349861239
2.9047670507913006
4.050895086469539
4.050895086469539
3.925956349861239
4.050895086469539
4.226986345525219
4.226986345525219
4.226986345525219
4.226986345525219
4.5280163411892005
3.7498650908055575
3.829046336853182
3.925956349861239
4.226986345525219
4.226986345525219
4.050895086469539
4.5280163411892005
4.5280163411892005
3.205797046455282
3.829046336853182
3.381888305510963
4.226986345525219
4.5280163411892005
4.226986345525219
4.226986345525219
4.050895086469539
4.5280163411892005
3.1300763325171634
3.2975674198109273
4.226986345525219
4.050895086469539
4.050895086469539
4.050895086469539
4.050895086469539
3.682918301174944
3.925956349861239
4.226986345525219
3.4488350951415763
3.829046336853182
3.925956349861239
4.226986345525219
4.5280163411892005
3.5280163411892014
4.5280163411892005
2.9598146171222064
4.5280163411892005
3.6249263541972576
4.050895086469539
4.226986345525219
4.226986345525219
3.682918301174944
3.829046336853182
4.226986345525219
3.486623656030976
3.205797046455282
3.573773831749876
3.381888305510963
3.829046336853182
3.925956349861239
3.925956349861239
4.226986345525219
4.226986345525219
4.5280163411892005
4.5280163411892005
4.226986345525219
4.226986345525219
3.925956349861239
4.050895086469539
4.050895086469539
3.5280163411892014
4.226986345525219
2.812012997554402
4.226986345525219
4.226986345525219
4.5280163411892005
4.226986345525219
4.226986345525219
4.050895086469539
4.5280163411892005
4.5280163411892005
4.226986345525219
4.5280163411892005
4.050895086469539
3.5280163411892014
4.226986345525219
4.5280163411892005
4.226986345525219
3.925956349861239
4.226986345525219
3.5280163411892014
4.226986345525219
2.9717138404219137
4.050895086469539
4.050895086469539
4.226986345525219
4.226986345525219
3.4140729888823644
4.5280163411892005
4.5280163411892005
4.226986345525219
4.226986345525219
4.226986345525219
3.4140729888823644
4.226986345525219
3.185593660366995
4.5280163411892005
4.226986345525219
4.5280163411892005
4.226986345525219
3.5280163411892014
4.050895086469539
3.925956349861239
4.5280163411892005
4.5280163411892005
4.5280163411892005
4.226986345525219
4.226986345525219
3.381888305510963
3.272743836085895
4.5280163411892005
3.3238963585332764
4.226986345525219
3.925956349861239
3.925956349861239
3.7498650908055575
3.682918301174944
4.226986345525219
4.5280163411892005
3.6249263541972576
4.5280163411892005
4.226986345525219
3.829046336853182
3.925956349861239
3.925956349861239
4.5280163411892005
4.5280163411892005
4.226986345525219
4.050895086469539
4.5280163411892005
2.6529550777975013
3.1300763325171634
4.5280163411892005
4.5280163411892005
3.4488350951415763
4.226986345525219
3.5280163411892014
4.226986345525219
4.5280163411892005
4.5280163411892005
4.050895086469539
4.5280163411892005
3.0228663628692956
3.35192508213352
3.829046336853182
4.5280163411892005
3.829046336853182
2.168180858849313
2.3636634854047642
3.829046336853182
4.050895086469539
3.080858309846982
4.226986345525219
4.5280163411892005
3.829046336853182
4.050895086469539
3.925956349861239
3.925956349861239
4.050895086469539
3.6249263541972576
3.1300763325171634
3.925956349861239
3.22698634552522
4.050895086469539
4.050895086469539
4.226986345525219
4.226986345525219
2.6891672504519457
3.7498650908055575
4.050895086469539
3.7498650908055575
4.226986345525219
4.226986345525219
3.7498650908055575
3.925956349861239
4.5280163411892005
3.3238963585332764
4.050895086469539
4.050895086469539
3.2975674198109273
4.050895086469539
4.050895086469539
4.050895086469539
3.4488350951415763
3.0366546473549283
4.226986345525219
4.226986345525219
4.5280163411892005
4.226986345525219
4.226986345525219
3.4488350951415763
4.226986345525219
4.226986345525219
4.050895086469539
4.5280163411892005
4.226986345525219
4.226986345525219
4.050895086469539
4.050895086469539
3.925956349861239
3.7498650908055575
4.226986345525219
3.829046336853182
3.925956349861239
3.2975674198109273
4.050895086469539
3.381888305510963
4.226986345525219
3.35192508213352
3.35192508213352
4.226986345525219
3.249262740236372
4.5280163411892005
4.5280163411892005
3.829046336853182
3.6249263541972576
3.829046336853182
4.5280163411892005
4.050895086469539
2.9717138404219137
3.35192508213352
4.050895086469539
3.205797046455282
3.573773831749876
4.5280163411892005
3.486623656030976
4.226986345525219
4.226986345525219
2.884563664703014
4.226986345525219
3.272743836085895
4.226986345525219
4.226986345525219
4.5280163411892005
4.050895086469539
3.5280163411892014
4.5280163411892005
3.573773831749876
3.925956349861239
4.226986345525219
3.7498650908055575
4.050895086469539
4.050895086469539
4.5280163411892005
4.050895086469539
4.226986345525219
4.226986345525219
4.226986345525219
3.249262740236372
4.226986345525219
3.925956349861239
4.5280163411892005
4.226986345525219
4.050895086469539
3.22698634552522
4.226986345525219
3.6249263541972576
4.226986345525219
3.925956349861239
3.1662885051716083
4.5280163411892005
4.5280163411892005
4.5280163411892005
4.050895086469539
4.226986345525219
4.5280163411892005
4.5280163411892005
3.6249263541972576
3.925956349861239
4.050895086469539
4.226986345525219
4.226986345525219
4.226986345525219
4.226986345525219
3.682918301174944
3.925956349861239
3.5280163411892014
3.925956349861239
4.050895086469539
4.5280163411892005
3.5280163411892014
3.682918301174944
3.35192508213352
4.050895086469539
2.9717138404219137
2.996537424146946
4.5280163411892005
2.812012997554402
3.6249263541972576
3.6249263541972576
4.226986345525219
4.226986345525219
4.226986345525219
2.925956349861239
4.226986345525219
3.4140729888823644
3.249262740236372
3.486623656030976
3.925956349861239
2.4749378977057814
2.4381112297498033
3.829046336853182
4.5280163411892005
2.9839482968389257
3.573773831749876
4.5280163411892005
3.925956349861239
3.1300763325171634
4.5280163411892005
4.5280163411892005
2.6142024888054847
2.5985974154749085
3.829046336853182
3.829046336853182
4.050895086469539
3.1662885051716083
3.573773831749876
3.2975674198109273
4.226986345525219
4.5280163411892005
4.5280163411892005
3.205797046455282
4.5280163411892005
3.573773831749876
3.925956349861239
4.226986345525219
4.226986345525219
4.5280163411892005
3.925956349861239
4.050895086469539
4.050895086469539
4.5280163411892005
4.050895086469539
2.9482327445723913
3.0366546473549283
4.226986345525219
4.5280163411892005
4.5280163411892005
3.35192508213352
4.5280163411892005
3.6249263541972576
3.381888305510963
4.050895086469539
3.4140729888823644
4.5280163411892005
4.5280163411892005
4.226986345525219
3.7498650908055575
4.050895086469539
3.3238963585332764
3.185593660366995
4.5280163411892005
4.5280163411892005
4.226986345525219
4.226986345525219
3.829046336853182
4.226986345525219
4.5280163411892005
4.050895086469539
4.226986345525219
4.226986345525219
3.486623656030976
3.573773831749876
4.226986345525219
4.226986345525219
4.226986345525219
3.925956349861239
3.925956349861239
4.226986345525219
4.226986345525219
4.226986345525219
3.829046336853182
3.829046336853182
3.4140729888823644
3.573773831749876
3.925956349861239
4.226986345525219
4.226986345525219
4.5280163411892005
4.5280163411892005
4.050895086469539
4.5280163411892005
4.5280163411892005
3.7498650908055575
3.925956349861239
4.226986345525219
4.050895086469539
4.050895086469539
4.050895086469539
4.5280163411892005
3.7498650908055575
3.4488350951415763
4.5280163411892005
4.050895086469539
3.1478050994775955
3.925956349861239
3.381888305510963
4.226986345525219
4.050895086469539
4.226986345525219
3.249262740236372
3.4140729888823644
4.226986345525219
3.925956349861239
4.5280163411892005
4.226986345525219
4.226986345525219
4.226986345525219
3.829046336853182
3.829046336853182
2.865258509507627
4.226986345525219
3.7498650908055575
4.226986345525219
2.7956225813662323
4.050895086469539
3.35192508213352
4.226986345525219
3.925956349861239
4.5280163411892005
4.5280163411892005
4.226986345525219
4.226986345525219
3.925956349861239
3.6249263541972576
3.829046336853182
4.226986345525219
4.050895086469539
4.5280163411892005
4.050895086469539
3.573773831749876
4.050895086469539
4.050895086469539
3.829046336853182
4.5280163411892005
4.050895086469539
4.050895086469539
4.050895086469539
4.050895086469539
3.2975674198109273
2.9047670507913006
4.050895086469539
4.226986345525219
4.5280163411892005
3.682918301174944
3.829046336853182
3.4488350951415763
4.050895086469539
3.682918301174944
4.226986345525219
4.226986345525219
4.226986345525219
4.050895086469539
4.226986345525219
4.226986345525219
3.6249263541972576
3.6249263541972576
3.829046336853182
3.7498650908055575
3.573773831749876
2.9717138404219137
3.925956349861239
4.5280163411892005
4.226986345525219
4.5280163411892005
3.925956349861239
3.486623656030976
4.050895086469539
4.5280163411892005
4.050895086469539
4.5280163411892005
4.226986345525219
3.2975674198109273
4.226986345525219
3.925956349861239
3.925956349861239
3.925956349861239
4.226986345525219
4.226986345525219
2.803740471588412
4.226986345525219
4.226986345525219
4.226986345525219
4.226986345525219
3.3238963585332764
4.050895086469539
4.226986345525219
4.226986345525219
3.096652577030214
4.5280163411892005
4.050895086469539
4.050895086469539
4.5280163411892005
4.050895086469539
4.5280163411892005
3.573773831749876
4.050895086469539
4.050895086469539
3.829046336853182
4.050895086469539
3.185593660366995
3.829046336853182
4.050895086469539
4.050895086469539
2.77214148551671
3.7498650908055575
4.5280163411892005
2.3881372547879645
4.5280163411892005
3.682918301174944
2.4673185008355896
2.5835336690390323
3.829046336853182
4.050895086469539
4.050895086469539
4.050895086469539
4.226986345525219
3.925956349861239
3.682918301174944
3.573773831749876
3.35192508213352
4.226986345525219
3.7498650908055575
3.925956349861239
4.226986345525219
4.050895086469539
3.925956349861239
3.925956349861239
4.226986345525219
3.829046336853182
4.5280163411892005
4.050895086469539
3.7498650908055575
2.9047670507913006
4.050895086469539
4.5280163411892005
4.5280163411892005
3.7498650908055575
2.482693362402544
3.573773831749876
4.226986345525219
4.050895086469539
4.050895086469539
3.2975674198109273
3.829046336853182
4.226986345525219
4.226986345525219
3.35192508213352
3.6249263541972576
4.5280163411892005
3.486623656030976
3.925956349861239
4.050895086469539
4.226986345525219
4.226986345525219
4.050895086469539
4.050895086469539
3.7498650908055575
4.050895086469539
3.6249263541972576
3.682918301174944
4.226986345525219
4.226986345525219
3.4140729888823644
4.050895086469539
4.050895086469539
3.682918301174944
3.925956349861239
4.050895086469539
3.829046336853182
4.226986345525219
3.925956349861239
3.925956349861239
3.925956349861239
4.5280163411892005
4.5280163411892005
4.226986345525219
3.7498650908055575
4.226986345525219
4.226986345525219
3.7498650908055575
4.050895086469539
4.050895086469539
4.5280163411892005
3.682918301174944
4.226986345525219
2.855918483253484
3.829046336853182
3.0366546473549283
4.050895086469539
4.226986345525219
4.226986345525219
4.050895086469539
4.226986345525219
3.4140729888823644
4.226986345525219
3.6249263541972576
4.226986345525219
4.226986345525219
2.884563664703014
4.226986345525219
4.226986345525219
3.0508950864695388
3.5280163411892014
4.5280163411892005
4.226986345525219
4.226986345525219
3.925956349861239
4.050895086469539
4.050895086469539
4.226986345525219
4.050895086469539
4.226986345525219
3.925956349861239
3.925956349861239
3.925956349861239
4.5280163411892005
2.641525616016719
4.226986345525219
2.085536572124753
3.925956349861239
2.270337766320017
3.7498650908055575
4.5280163411892005
3.682918301174944
4.050895086469539
3.925956349861239
3.486623656030976
3.682918301174944
2.676757992470126
4.050895086469539
3.4488350951415763
4.5280163411892005
3.4488350951415763
4.5280163411892005
4.226986345525219
4.050895086469539
3.009502401311314
3.925956349861239
4.5280163411892005
3.205797046455282
4.5280163411892005
3.682918301174944
4.226986345525219
3.829046336853182
3.829046336853182
3.35192508213352
4.5280163411892005
3.7498650908055575
3.925956349861239
4.5280163411892005
3.829046336853182
4.050895086469539
2.588497088570583
4.226986345525219
3.925956349861239
4.5280163411892005
4.226986345525219
4.226986345525219
4.226986345525219
3.925956349861239
4.5280163411892005
4.5280163411892005
4.5280163411892005
4.5280163411892005
4.050895086469539
4.050895086469539
4.050895086469539
3.7498650908055575
2.3636634854047642
3.682918301174944
3.1478050994775955
3.573773831749876
3.925956349861239
3.925956349861239
3.829046336853182
4.226986345525219
4.226986345525219
3.925956349861239
3.925956349861239
4.5280163411892005
4.226986345525219
4.050895086469539
3.7498650908055575
4.226986345525219
4.5280163411892005
3.829046336853182
4.050895086469539
2.865258509507627
4.050895086469539
4.226986345525219
4.5280163411892005
3.486623656030976
3.682918301174944
3.682918301174944
4.226986345525219
2.3912957740327947
4.5280163411892005
4.226986345525219
4.050895086469539
2.4986325635039917
4.226986345525219
2.855918483253484
4.050895086469539
3.829046336853182
3.4488350951415763
4.226986345525219
4.050895086469539
4.226986345525219
3.925956349861239
4.226986345525219
4.5280163411892005
2.996537424146946
3.925956349861239
2.9717138404219137
4.050895086469539
4.050895086469539
4.226986345525219
4.226986345525219
4.5280163411892005
4.5280163411892005
4.5280163411892005
2.996537424146946
4.5280163411892005
3.925956349861239
4.5280163411892005
4.5280163411892005
4.226986345525219
4.226986345525219
4.226986345525219
3.829046336853182
3.829046336853182
4.050895086469539
4.050895086469539
3.925956349861239
3.573773831749876
4.5280163411892005
3.682918301174944
4.226986345525219
3.925956349861239
4.050895086469539
2.7084724056473326
4.5280163411892005
3.7498650908055575
4.226986345525219
4.5280163411892005
4.226986345525219
4.226986345525219
4.226986345525219
3.7498650908055575
4.050895086469539
4.050895086469539
4.5280163411892005
4.050895086469539
4.5280163411892005
4.050895086469539
4.050895086469539
4.050895086469539
4.050895086469539
4.226986345525219
4.226986345525219
4.226986345525219
4.050895086469539
3.925956349861239
3.829046336853182
4.5280163411892005
4.226986345525219
3.5280163411892014
3.185593660366995
3.829046336853182
3.4140729888823644
4.5280163411892005
4.050895086469539
4.226986345525219
4.050895086469539
4.050895086469539
4.226986345525219
2.3787972285338217
4.050895086469539
4.5280163411892005
3.381888305510963
4.226986345525219
4.050895086469539
2.573773831749876
4.226986345525219
4.226986345525219
4.226986345525219
4.226986345525219
4.5280163411892005
3.829046336853182
4.226986345525219
4.050895086469539
3.925956349861239
4.226986345525219
4.226986345525219
3.925956349861239
4.050895086469539
4.226986345525219
3.22698634552522
4.5280163411892005
4.5280163411892005
3.6249263541972576
4.5280163411892005
4.050895086469539
4.5280163411892005
4.050895086469539
4.050895086469539
3.4140729888823644
4.226986345525219
3.7498650908055575
3.4140729888823644
4.226986345525219
3.5280163411892014
4.050895086469539
4.050895086469539
4.226986345525219
3.5280163411892014
3.6249263541972576
3.925956349861239
3.5280163411892014
2.2631985181796646
3.1300763325171634
4.5280163411892005
4.5280163411892005
4.226986345525219
3.925956349861239
4.226986345525219
3.829046336853182
4.226986345525219
3.925956349861239
3.925956349861239
4.226986345525219
2.764588347626264
3.3238963585332764
3.381888305510963
3.925956349861239
2.9839482968389257
4.050895086469539
3.829046336853182
3.7498650908055575
4.226986345525219
3.925956349861239
4.050895086469539
3.4488350951415763
2.9717138404219137
3.682918301174944
4.226986345525219
3.925956349861239
4.050895086469539
4.050895086469539
3.925956349861239
3.009502401311314
3.381888305510963
4.226986345525219
4.050895086469539
3.249262740236372
3.381888305510963
4.226986345525219
4.226986345525219
4.050895086469539
3.6249263541972576
4.5280163411892005
3.925956349861239
3.3238963585332764
4.226986345525219
4.226986345525219
4.050895086469539
4.050895086469539
4.050895086469539
3.925956349861239
4.226986345525219
4.226986345525219
3.573773831749876
4.226986345525219
4.226986345525219
4.226986345525219
3.0366546473549283
4.050895086469539
4.5280163411892005
3.829046336853182
3.7498650908055575
4.050895086469539
4.226986345525219
3.7498650908055575
4.226986345525219
2.63038924989876
3.573773831749876
4.226986345525219
3.381888305510963
3.829046336853182
4.226986345525219
4.226986345525219
4.226986345525219
4.050895086469539
4.050895086469539
3.682918301174944
4.226986345525219
4.226986345525219
4.5280163411892005
4.226986345525219
2.9482327445723913
4.050895086469539
4.226986345525219
4.226986345525219
4.226986345525219
3.4140729888823644
1.1369047274863988
3.682918301174944
4.5280163411892005
4.5280163411892005
3.829046336853182
3.1300763325171634
3.2975674198109273
4.5280163411892005
4.5280163411892005
4.5280163411892005
4.5280163411892005
4.5280163411892005
2.915232484469466
4.226986345525219
3.925956349861239
4.5280163411892005
4.050895086469539
4.050895086469539
4.226986345525219
2.925956349861239
4.050895086469539
3.925956349861239
4.5280163411892005
4.5280163411892005
4.226986345525219
2.936951734162702
4.050895086469539
3.925956349861239
4.226986345525219
2.3976825726941953
3.925956349861239
4.226986345525219
4.226986345525219
3.4140729888823644
4.226986345525219
4.226986345525219
4.050895086469539
4.226986345525219
2.8945478856096147
4.226986345525219
4.050895086469539
3.249262740236372
4.050895086469539
3.925956349861239
3.829046336853182
4.5280163411892005
4.226986345525219
4.050895086469539
4.050895086469539
3.6249263541972576
3.925956349861239
3.925956349861239
4.5280163411892005
4.226986345525219
3.682918301174944
3.6249263541972576
4.5280163411892005
4.050895086469539
3.829046336853182
4.050895086469539
3.829046336853182
4.226986345525219
4.5280163411892005
3.682918301174944
4.050895086469539
3.829046336853182
4.226986345525219
4.226986345525219
4.5280163411892005
4.050895086469539
4.050895086469539
3.096652577030214
4.226986345525219
4.226986345525219
4.226986345525219
4.226986345525219
4.050895086469539
4.226986345525219
2.9482327445723913
3.925956349861239
3.486623656030976
4.5280163411892005
3.682918301174944
4.5280163411892005
4.226986345525219
4.5280163411892005
4.050895086469539
3.573773831749876
4.5280163411892005
4.5280163411892005
4.226986345525219
3.7498650908055575
3.6249263541972576
3.682918301174944
4.5280163411892005
3.682918301174944
4.050895086469539
3.4140729888823644
4.226986345525219
4.226986345525219
4.226986345525219
4.5280163411892005
4.050895086469539
4.5280163411892005
4.5280163411892005
3.925956349861239
3.486623656030976
3.829046336853182
3.925956349861239
4.226986345525219
4.5280163411892005
4.226986345525219
4.226986345525219
4.226986345525219
4.226986345525219
3.4488350951415763
4.050895086469539
4.050895086469539
4.5280163411892005
4.226986345525219
3.4140729888823644
3.573773831749876
4.226986345525219
3.272743836085895
3.35192508213352
3.925956349861239
3.185593660366995
4.226986345525219
4.226986345525219
4.226986345525219
4.5280163411892005
4.5280163411892005
4.5280163411892005
4.050895086469539
3.829046336853182
3.381888305510963
3.5280163411892014
4.050895086469539
3.925956349861239
4.226986345525219
3.925956349861239
4.226986345525219
2.641525616016719
4.226986345525219
3.4140729888823644
4.226986345525219
4.050895086469539
4.226986345525219
4.5280163411892005
4.5280163411892005
4.050895086469539
4.5280163411892005
2.9839482968389257
4.226986345525219
4.050895086469539
4.226986345525219
3.682918301174944
4.226986345525219
3.829046336853182
3.7498650908055575
3.573773831749876
3.272743836085895
2.855918483253484
4.226986345525219
4.5280163411892005
4.050895086469539
3.1300763325171634
3.5280163411892014
4.226986345525219
4.5280163411892005
2.431106328181145
4.226986345525219
4.226986345525219
3.7498650908055575
4.5280163411892005
4.226986345525219
2.855918483253484
3.925956349861239
2.670683844757933
4.050895086469539
3.925956349861239
4.050895086469539
3.925956349861239
4.226986345525219
3.009502401311314
4.5280163411892005
4.050895086469539
4.050895086469539
3.7498650908055575
4.5280163411892005
3.7498650908055575
3.7498650908055575
4.050895086469539
3.272743836085895
3.7498650908055575
2.6829183011749445
3.486623656030976
3.573773831749876
3.272743836085895
4.050895086469539
3.7498650908055575
4.050895086469539
3.682918301174944
4.050895086469539
3.5280163411892014
4.050895086469539
3.925956349861239
4.226986345525219
4.226986345525219
4.226986345525219
3.925956349861239
3.829046336853182
3.829046336853182
4.226986345525219
1.353956533464176
1.7806045333027782
4.5280163411892005
3.6249263541972576
3.925956349861239
4.050895086469539
4.226986345525219
4.226986345525219
4.226986345525219
4.050895086469539
4.5280163411892005
4.5280163411892005
4.226986345525219
3.486623656030976
4.5280163411892005
3.205797046455282
3.35192508213352
3.4140729888823644
4.226986345525219
4.050895086469539
4.226986345525219
4.226986345525219
4.226986345525219
4.226986345525219
4.226986345525219
3.6249263541972576
4.226986345525219
3.925956349861239
4.5280163411892005
3.925956349861239
4.5280163411892005
4.050895086469539
4.050895086469539
4.050895086469539
4.226986345525219
4.5280163411892005
4.5280163411892005
3.4488350951415763
3.925956349861239
3.925956349861239
4.226986345525219
4.5280163411892005
3.205797046455282
3.2975674198109273
3.925956349861239
3.925956349861239
2.0567246301302626
4.5280163411892005
2.641525616016719
4.226986345525219
4.226986345525219
3.3238963585332764
3.4488350951415763
4.050895086469539
4.5280163411892005
4.050895086469539
3.35192508213352
4.050895086469539
4.226986345525219
4.226986345525219
4.226986345525219
4.226986345525219
3.2975674198109273
4.226986345525219
3.925956349861239
4.226986345525219
2.083971545271125
3.925956349861239
4.226986345525219
3.925956349861239
4.5280163411892005
4.050895086469539
3.925956349861239
4.226986345525219
3.925956349861239
3.0366546473549283
3.573773831749876
3.925956349861239
3.925956349861239
4.226986345525219
3.249262740236372
4.226986345525219
4.050895086469539
3.573773831749876
4.5280163411892005
4.5280163411892005
3.7498650908055575
3.7498650908055575
3.573773831749876
3.7498650908055575
3.925956349861239
3.925956349861239
4.5280163411892005
4.226986345525219
4.5280163411892005
3.925956349861239
3.3238963585332764
4.050895086469539
4.5280163411892005
4.5280163411892005
4.5280163411892005
4.5280163411892005
3.486623656030976
3.3238963585332764
3.573773831749876
2.6891672504519457
3.6249263541972576
3.573773831749876
3.682918301174944
3.925956349861239
4.226986345525219
4.226986345525219
4.050895086469539
4.050895086469539
4.226986345525219
3.1300763325171634
4.050895086469539
3.6249263541972576
4.5280163411892005
4.226986345525219
2.9482327445723913
3.7498650908055575
2.7798283141830007
4.050895086469539
3.249262740236372
4.226986345525219
4.050895086469539
4.226986345525219
3.7498650908055575
4.5280163411892005
4.050895086469539
3.925956349861239
3.925956349861239
3.1478050994775955
3.009502401311314
3.3238963585332764
2.812012997554402
4.050895086469539
3.486623656030976
4.5280163411892005
4.5280163411892005
4.5280163411892005
3.35192508213352
4.050895086469539
2.6955074284829648
4.226986345525219
3.486623656030976
3.573773831749876
4.226986345525219
4.5280163411892005
4.226986345525219
3.925956349861239
2.0188138188580984
4.050895086469539
3.0366546473549283
4.050895086469539
4.050895086469539
3.1478050994775955
4.226986345525219
3.1478050994775955
3.5280163411892014
2.282503673375052
2.4140729888823644
3.1662885051716083
3.573773831749876
3.486623656030976
4.5280163411892005
3.6249263541972576
3.925956349861239
3.682918301174944
4.5280163411892005
4.050895086469539
3.7498650908055575
4.226986345525219
4.5280163411892005
3.249262740236372
3.682918301174944
3.4140729888823644
3.682918301174944
2.865258509507627
4.050895086469539
4.226986345525219
3.829046336853182
3.573773831749876
3.0228663628692956
4.5280163411892005
4.226986345525219
4.226986345525219
4.226986345525219
2.3211904651573514
4.226986345525219
3.381888305510963
4.226986345525219
4.226986345525219
4.050895086469539
3.3238963585332764
3.185593660366995
3.925956349861239
4.226986345525219
3.829046336853182
4.5280163411892005
3.6249263541972576
3.7498650908055575
4.050895086469539
4.226986345525219
3.4140729888823644
3.6249263541972576
2.757164329547057
3.925956349861239
4.226986345525219
4.050895086469539
3.925956349861239
4.226986345525219
4.5280163411892005
4.5280163411892005
3.682918301174944
3.682918301174944
2.5323811465916513
3.272743836085895
4.226986345525219
4.5280163411892005
4.050895086469539
4.5280163411892005
4.226986345525219
3.925956349861239
4.226986345525219
3.925956349861239
4.226986345525219
3.829046336853182
4.050895086469539
4.226986345525219
3.925956349861239
3.925956349861239
4.050895086469539
4.226986345525219
3.925956349861239
2.77214148551671
4.050895086469539
4.226986345525219
4.050895086469539
4.226986345525219
3.829046336853182
2.9717138404219137
3.1478050994775955
3.829046336853182
3.5280163411892014
4.226986345525219
4.050895086469539
4.5280163411892005
4.5280163411892005
4.226986345525219
4.5280163411892005
4.226986345525219
4.5280163411892005
4.5280163411892005
4.050895086469539
3.22698634552522
4.226986345525219
4.226986345525219
4.226986345525219
3.4488350951415763
3.682918301174944
4.050895086469539
3.682918301174944
4.050895086469539
4.050895086469539
4.050895086469539
3.925956349861239
4.226986345525219
4.5280163411892005
4.5280163411892005
4.5280163411892005
4.5280163411892005
3.925956349861239
2.3461727532444288
4.226986345525219
4.226986345525219
4.226986345525219
4.050895086469539
4.050895086469539
4.226986345525219
4.5280163411892005
3.925956349861239
3.381888305510963
3.381888305510963
4.5280163411892005
2.4598304794430397
4.226986345525219
4.226986345525219
4.5280163411892005
4.5280163411892005
4.5280163411892005
4.5280163411892005
4.226986345525219
2.456134333883076
4.5280163411892005
4.226986345525219
3.0366546473549283
4.050895086469539
3.1478050994775955
4.226986345525219
4.226986345525219
3.829046336853182
3.829046336853182
3.829046336853182
3.682918301174944
3.829046336853182
4.226986345525219
4.226986345525219
4.050895086469539
3.925956349861239
3.925956349861239
3.7498650908055575
3.925956349861239
3.6249263541972576
4.226986345525219
3.829046336853182
4.5280163411892005
4.226986345525219
4.050895086469539
3.829046336853182
4.5280163411892005
4.226986345525219
4.5280163411892005
3.682918301174944
4.5280163411892005
3.486623656030976
3.829046336853182
3.829046336853182
4.226986345525219
4.226986345525219
4.226986345525219
4.050895086469539
4.050895086469539
4.226986345525219
4.050895086469539
4.226986345525219
4.226986345525219
4.226986345525219
4.5280163411892005
3.925956349861239
4.050895086469539
4.226986345525219
2.658784621458225
4.050895086469539
4.5280163411892005
4.226986345525219
4.5280163411892005
4.226986345525219
4.226986345525219
3.185593660366995
3.35192508213352
4.226986345525219
4.050895086469539
4.5280163411892005
3.573773831749876
4.226986345525219
4.5280163411892005
4.226986345525219
3.925956349861239
4.226986345525219
4.226986345525219
4.5280163411892005
4.226986345525219
3.6249263541972576
4.5280163411892005
3.272743836085895
3.272743836085895
3.829046336853182
3.829046336853182
4.5280163411892005
4.050895086469539
4.050895086469539
4.226986345525219
4.5280163411892005
4.050895086469539
4.226986345525219
3.6249263541972576
3.829046336853182
2.7426865061784342
4.5280163411892005
4.5280163411892005
3.272743836085895
4.226986345525219
4.226986345525219
3.7498650908055575
4.5280163411892005
4.050895086469539
4.5280163411892005
4.5280163411892005
2.884563664703014
4.226986345525219
3.573773831749876
4.5280163411892005
4.226986345525219
4.226986345525219
4.226986345525219
4.050895086469539
4.226986345525219
2.658784621458225
4.226986345525219
4.5280163411892005
4.226986345525219
1.5796033754106005
3.2975674198109273
4.5280163411892005
4.050895086469539
4.050895086469539
3.113042993218383
3.7498650908055575
4.226986345525219
4.5280163411892005
3.829046336853182
4.050895086469539
4.5280163411892005
3.682918301174944
4.226986345525219
4.5280163411892005
3.829046336853182
4.5280163411892005
3.4488350951415763
4.226986345525219
2.8748038274138574
3.6249263541972576
3.5280163411892014
3.486623656030976
3.5280163411892014
4.5280163411892005
3.6249263541972576
4.5280163411892005
3.925956349861239
4.226986345525219
4.226986345525219
4.226986345525219
3.272743836085895
2.9598146171222064
4.050895086469539
4.050895086469539
4.5280163411892005
4.226986345525219
4.226986345525219
4.5280163411892005
3.4140729888823644
4.226986345525219
4.5280163411892005
4.050895086469539
3.486623656030976
3.925956349861239
4.5280163411892005
4.5280163411892005
4.5280163411892005
2.235760269832725
2.3548300727769274
3.925956349861239
3.925956349861239
4.226986345525219
2.925956349861239
3.7498650908055575
2.5412446069229566
3.925956349861239
3.925956349861239
4.5280163411892005
2.7151029845463457
4.226986345525219
3.22698634552522
4.226986345525219
3.486623656030976
3.829046336853182
4.5280163411892005
4.226986345525219
3.249262740236372
4.226986345525219
4.226986345525219
4.226986345525219
4.226986345525219
4.5280163411892005
4.5280163411892005
4.226986345525219
3.682918301174944
4.050895086469539
4.050895086469539
3.682918301174944
2.855918483253484
3.682918301174944
4.5280163411892005
3.682918301174944
1.7462609665367324
2.564228513843646
4.050895086469539
4.050895086469539
2.4381112297498033
4.226986345525219
4.226986345525219
4.226986345525219
4.5280163411892005
4.050895086469539
3.7498650908055575
3.7498650908055575
4.050895086469539
4.226986345525219
4.226986345525219
4.5280163411892005
4.5280163411892005
4.5280163411892005
4.226986345525219
1.7892357827048322
3.7498650908055575
2.77214148551671
3.7498650908055575
4.5280163411892005
2.7798283141830007
3.829046336853182
4.5280163411892005
4.5280163411892005
3.7498650908055575
4.226986345525219
4.050895086469539
4.050895086469539
4.050895086469539
4.050895086469539
4.050895086469539
2.812012997554402
4.226986345525219
3.0508950864695388
3.682918301174944
4.5280163411892005
4.050895086469539
4.050895086469539
3.925956349861239
4.050895086469539
3.486623656030976
4.050895086469539
4.5280163411892005
4.226986345525219
4.050895086469539
4.050895086469539
3.925956349861239
4.050895086469539
3.925956349861239
3.925956349861239
3.573773831749876
4.050895086469539
4.050895086469539
4.226986345525219
4.226986345525219
3.829046336853182
3.925956349861239
4.5280163411892005
3.682918301174944
4.050895086469539
3.7498650908055575
4.050895086469539
4.226986345525219
3.096652577030214
3.3238963585332764
3.5280163411892014
4.226986345525219
4.226986345525219
3.0366546473549283
4.226986345525219
4.226986345525219
3.925956349861239
3.925956349861239
3.682918301174944
2.0147987411212624
4.050895086469539
3.925956349861239
3.925956349861239
4.226986345525219
3.4140729888823644
3.7498650908055575
3.573773831749876
4.226986345525219
4.226986345525219
4.226986345525219
3.682918301174944
4.050895086469539
2.519416169427284
2.7956225813662323
3.2975674198109273
3.573773831749876
4.226986345525219
4.226986345525219
4.226986345525219
4.226986345525219
4.050895086469539
4.226986345525219
4.050895086469539
4.5280163411892005
4.5280163411892005
2.0998815471604124
3.486623656030976
4.226986345525219
3.486623656030976
4.5280163411892005
3.925956349861239
4.5280163411892005
4.5280163411892005
4.5280163411892005
3.7498650908055575
2.9717138404219137
3.829046336853182
4.5280163411892005
2.7084724056473326
4.5280163411892005
4.226986345525219
4.050895086469539
4.226986345525219
3.7498650908055575
4.050895086469539
4.5280163411892005
3.7498650908055575
4.5280163411892005
3.1478050994775955
4.5280163411892005
4.5280163411892005
4.5280163411892005
4.5280163411892005
4.226986345525219
3.925956349861239
3.925956349861239
4.226986345525219
4.5280163411892005
4.5280163411892005
3.925956349861239
3.6249263541972576
4.5280163411892005
2.5689749488681075
2.7956225813662323
3.573773831749876
4.5280163411892005
4.226986345525219
2.925956349861239
4.226986345525219
3.185593660366995
3.925956349861239
4.226986345525219
4.050895086469539
4.226986345525219
3.7498650908055575
3.009502401311314
3.7498650908055575
3.205797046455282
3.1478050994775955
3.4140729888823644
3.573773831749876
3.7498650908055575
3.6249263541972576
4.226986345525219
4.5280163411892005
4.5280163411892005
3.829046336853182
3.4140729888823644
4.226986345525219
3.925956349861239
4.226986345525219
4.050895086469539
3.925956349861239
4.226986345525219
3.185593660366995
3.829046336853182
3.925956349861239
3.6249263541972576
4.050895086469539
3.6249263541972576
3.925956349861239
3.925956349861239
3.6249263541972576
3.829046336853182
3.829046336853182
4.226986345525219
4.050895086469539
4.5280163411892005
2.820446165091265
4.226986345525219
3.2975674198109273
3.7498650908055575
4.5280163411892005
3.272743836085895
4.5280163411892005
4.5280163411892005
4.5280163411892005
3.925956349861239
4.5280163411892005
4.226986345525219
4.226986345525219
4.5280163411892005
4.5280163411892005
4.5280163411892005
2.9598146171222064
3.5280163411892014
4.050895086469539
4.5280163411892005
4.5280163411892005
3.5280163411892014
2.9839482968389257
4.050895086469539
3.682918301174944
4.226986345525219
3.829046336853182
3.7498650908055575
4.226986345525219
3.4488350951415763
4.226986345525219
4.050895086469539
2.8290463368531826
3.682918301174944
2.925956349861239
4.5280163411892005
3.5280163411892014
3.829046336853182
3.7498650908055575
4.226986345525219
4.226986345525219
3.381888305510963
4.050895086469539
4.226986345525219
4.226986345525219
4.226986345525219
3.573773831749876
3.573773831749876
3.925956349861239
4.226986345525219
4.226986345525219
3.1478050994775955
3.185593660366995
3.6249263541972576
3.829046336853182
3.925956349861239
4.226986345525219
3.829046336853182
3.096652577030214
3.573773831749876
4.226986345525219
4.050895086469539
3.7498650908055575
2.8378202611606875
4.050895086469539
4.5280163411892005
4.226986345525219
3.573773831749876
3.486623656030976
3.7498650908055575
4.050895086469539
3.7498650908055575
4.050895086469539
4.226986345525219
4.226986345525219
3.573773831749876
3.682918301174944
3.1300763325171634
3.249262740236372
2.884563664703014
4.226986345525219
4.226986345525219
4.5280163411892005
4.226986345525219
4.226986345525219
4.050895086469539
3.829046336853182
2.554888487589503
3.829046336853182
4.050895086469539
2.670683844757933
2.9717138404219137
4.226986345525219
4.5280163411892005
4.5280163411892005
4.5280163411892005
4.226986345525219
3.925956349861239
4.226986345525219
4.226986345525219
4.226986345525219
4.050895086469539
4.5280163411892005
4.226986345525219
3.925956349861239
4.226986345525219
2.721836367205314
3.381888305510963
3.6249263541972576
3.080858309846982
4.226986345525219
2.284978292502907
4.5280163411892005
4.226986345525219
4.226986345525219
2.559533392635266
3.080858309846982
4.5280163411892005
3.5280163411892014
4.050895086469539
4.050895086469539
4.5280163411892005
3.22698634552522
4.226986345525219
4.5280163411892005
4.5280163411892005
4.226986345525219
4.226986345525219
4.5280163411892005
4.5280163411892005
4.5280163411892005
3.5280163411892014
3.185593660366995
3.925956349861239
4.5280163411892005
3.7498650908055575
4.050895086469539
4.050895086469539
3.272743836085895
4.226986345525219
3.925956349861239
4.226986345525219
4.5280163411892005
4.050895086469539
3.829046336853182
4.050895086469539
4.050895086469539
4.050895086469539
2.996537424146946
3.5280163411892014
3.22698634552522
3.22698634552522
4.5280163411892005
3.249262740236372
4.5280163411892005
4.050895086469539
4.226986345525219
4.5280163411892005
4.226986345525219
3.829046336853182
4.050895086469539
4.226986345525219
3.925956349861239
4.050895086469539
3.6249263541972576
4.226986345525219
3.6249263541972576
4.226986345525219
4.226986345525219
3.829046336853182
4.226986345525219
2.9047670507913006
3.829046336853182
4.226986345525219
3.925956349861239
3.682918301174944
3.829046336853182
3.5280163411892014
4.226986345525219
4.226986345525219
3.6249263541972576
3.829046336853182
4.226986345525219
4.226986345525219
3.4488350951415763
4.050895086469539
3.2975674198109273
4.5280163411892005
4.226986345525219
4.050895086469539
3.7498650908055575
4.050895086469539
4.226986345525219
4.050895086469539
4.050895086469539
3.682918301174944
4.5280163411892005
4.5280163411892005
3.4488350951415763
4.5280163411892005
3.682918301174944
4.050895086469539
4.050895086469539
4.5280163411892005
3.925956349861239
3.925956349861239
4.226986345525219
3.925956349861239
4.050895086469539
3.829046336853182
4.5280163411892005
3.682918301174944
4.050895086469539
4.226986345525219
3.925956349861239
3.925956349861239
3.1300763325171634
3.35192508213352
4.226986345525219
3.0508950864695388
4.226986345525219
4.226986345525219
4.5280163411892005
4.5280163411892005
4.050895086469539
3.7498650908055575
3.7498650908055575
4.226986345525219
3.5280163411892014
4.5280163411892005
4.226986345525219
3.35192508213352
4.226986345525219
4.226986345525219
3.925956349861239
3.925956349861239
4.226986345525219
3.6249263541972576
4.226986345525219
4.050895086469539
3.925956349861239
4.050895086469539
4.5280163411892005
4.5280163411892005
4.5280163411892005
4.5280163411892005
3.4140729888823644
4.050895086469539
4.050895086469539
3.381888305510963
4.5280163411892005
2.6529550777975013
3.925956349861239
4.226986345525219
4.226986345525219
3.573773831749876
3.925956349861239
4.226986345525219
4.226986345525219
3.925956349861239
4.226986345525219
4.226986345525219
4.226986345525219
4.050895086469539
3.1300763325171634
4.050895086469539
4.5280163411892005
4.226986345525219
3.7498650908055575
4.050895086469539
4.226986345525219
4.226986345525219
4.226986345525219
3.1300763325171634
4.050895086469539
3.682918301174944
3.6249263541972576
4.050895086469539
4.5280163411892005
4.5280163411892005
4.5280163411892005
4.5280163411892005
4.5280163411892005
4.050895086469539
4.050895086469539
4.050895086469539
3.925956349861239
3.7498650908055575
3.829046336853182
4.5280163411892005
4.050895086469539
3.249262740236372
4.5280163411892005
3.5280163411892014
3.682918301174944
3.381888305510963
4.5280163411892005
4.5280163411892005
4.5280163411892005
4.5280163411892005
4.226986345525219
3.6249263541972576
3.7498650908055575
4.226986345525219
3.4140729888823644
4.226986345525219
4.5280163411892005
4.5280163411892005
4.050895086469539
4.050895086469539
4.226986345525219
4.050895086469539
4.050895086469539
3.829046336853182
4.226986345525219
4.226986345525219
4.5280163411892005
3.5280163411892014
4.226986345525219
4.226986345525219
3.486623656030976
3.925956349861239
4.226986345525219
3.925956349861239
2.996537424146946
3.925956349861239
3.22698634552522
4.5280163411892005
3.925956349861239
4.226986345525219
3.3238963585332764
3.7498650908055575
3.5280163411892014
4.050895086469539
3.4488350951415763
4.226986345525219
4.226986345525219
4.226986345525219
3.7498650908055575
3.1662885051716083
4.050895086469539
3.829046336853182
4.226986345525219
2.9047670507913006
3.0366546473549283
3.829046336853182
2.5109830018904207
2.366648338954226
2.2469829739414737
4.050895086469539
3.829046336853182
3.829046336853182
4.050895086469539
3.4140729888823644
3.682918301174944
4.226986345525219
3.682918301174944
4.050895086469539
4.226986345525219
4.226986345525219
4.050895086469539
4.050895086469539
4.5280163411892005
4.5280163411892005
4.226986345525219
4.226986345525219
4.050895086469539
4.050895086469539
3.682918301174944
3.009502401311314
3.573773831749876
4.5280163411892005
3.5280163411892014
3.829046336853182
4.226986345525219
2.865258509507627
4.226986345525219
3.272743836085895
3.573773831749876
4.5280163411892005
3.925956349861239
4.226986345525219
1.5960502264610288
3.573773831749876
4.226986345525219
3.573773831749876
4.050895086469539
4.050895086469539
4.226986345525219
3.096652577030214
4.5280163411892005
4.226986345525219
4.226986345525219
4.050895086469539
4.5280163411892005
3.381888305510963
4.5280163411892005
4.226986345525219
4.5280163411892005
2.6089382488131276
4.226986345525219
3.486623656030976
4.226986345525219
3.7498650908055575
4.226986345525219
4.050895086469539
4.226986345525219
4.5280163411892005
3.1662885051716083
3.829046336853182
3.925956349861239
3.925956349861239
3.925956349861239
3.4488350951415763
4.5280163411892005
4.050895086469539
4.050895086469539
4.050895086469539
4.226986345525219
4.226986345525219
3.925956349861239
4.226986345525219
4.226986345525219
3.7498650908055575
4.050895086469539
4.226986345525219
3.249262740236372
4.226986345525219
3.5280163411892014
4.226986345525219
2.2120459957322836
3.829046336853182
3.829046336853182
3.4140729888823644
4.226986345525219
3.682918301174944
3.573773831749876
4.226986345525219
3.925956349861239
4.226986345525219
3.4488350951415763
3.682918301174944
4.050895086469539
4.226986345525219
3.682918301174944
4.5280163411892005
4.5280163411892005
4.226986345525219
4.5280163411892005
4.5280163411892005
4.5280163411892005
3.7498650908055575
4.226986345525219
4.226986345525219
2.4140729888823644
4.5280163411892005
4.226986345525219
4.226986345525219
4.5280163411892005
2.925956349861239
4.226986345525219
4.226986345525219
4.226986345525219
4.5280163411892005
4.5280163411892005
2.9047670507913006
4.226986345525219
4.5280163411892005
2.9598146171222064
4.226986345525219
4.226986345525219
3.6249263541972576
4.226986345525219
4.226986345525219
3.925956349861239
3.6249263541972576
4.5280163411892005
4.5280163411892005
4.226986345525219
4.226986345525219
4.226986345525219
3.113042993218383
4.050895086469539
3.1478050994775955
4.050895086469539
3.925956349861239
4.5280163411892005
3.573773831749876
4.226986345525219
4.226986345525219
4.050895086469539
4.226986345525219
4.5280163411892005
4.5280163411892005
3.925956349861239
3.6249263541972576
3.3238963585332764
3.829046336853182
3.829046336853182
3.925956349861239
4.050895086469539
4.226986345525219
4.050895086469539
3.573773831749876
3.1478050994775955
4.226986345525219
3.7498650908055575
4.226986345525219
4.226986345525219
4.226986345525219
2.7286757917356192
4.050895086469539
4.226986345525219
4.226986345525219
4.5280163411892005
4.050895086469539
4.226986345525219
3.249262740236372
4.5280163411892005
3.249262740236372
4.050895086469539
3.009502401311314
4.226986345525219
4.226986345525219
4.226986345525219
3.3238963585332764
4.226986345525219
4.5280163411892005
4.5280163411892005
3.4140729888823644
4.226986345525219
3.573773831749876
4.050895086469539
4.050895086469539
3.486623656030976
4.050895086469539
3.925956349861239
4.5280163411892005
3.682918301174944
4.5280163411892005
3.7498650908055575
4.050895086469539
3.1478050994775955
3.7498650908055575
4.226986345525219
3.7498650908055575
3.185593660366995
4.5280163411892005
4.226986345525219
2.635921738498721
3.829046336853182
4.5280163411892005
3.6249263541972576
4.226986345525219
3.35192508213352
4.050895086469539
3.682918301174944
3.682918301174944
4.5280163411892005
4.5280163411892005
3.829046336853182
4.226986345525219
4.050895086469539
3.925956349861239
4.050895086469539
2.9047670507913006
3.925956349861239
3.7498650908055575
3.35192508213352
3.829046336853182
4.226986345525219
4.5280163411892005
3.381888305510963
3.925956349861239
3.829046336853182
4.226986345525219
3.7498650908055575
4.226986345525219
3.829046336853182
4.226986345525219
4.226986345525219
3.486623656030976
4.226986345525219
4.226986345525219
4.226986345525219
3.4488350951415763
4.5280163411892005
3.682918301174944
3.2975674198109273
3.925956349861239
4.226986345525219
3.925956349861239
3.7498650908055575
3.6249263541972576
4.226986345525219
3.272743836085895
4.5280163411892005
3.925956349861239
4.226986345525219
4.226986345525219
3.925956349861239
4.5280163411892005
4.226986345525219
4.226986345525219
3.7498650908055575
4.226986345525219
4.5280163411892005
3.925956349861239
4.5280163411892005
4.5280163411892005
3.573773831749876
4.5280163411892005
4.226986345525219
3.5280163411892014
3.0508950864695388
2.8290463368531826
4.226986345525219
4.5280163411892005
3.6249263541972576
4.5280163411892005
3.829046336853182
4.226986345525219
3.829046336853182
4.226986345525219
2.3944774328189835
4.050895086469539
4.050895086469539
4.226986345525219
3.925956349861239
3.925956349861239
4.050895086469539
4.050895086469539
4.5280163411892005
4.5280163411892005
4.5280163411892005
4.050895086469539
4.050895086469539
4.050895086469539
4.050895086469539
4.5280163411892005
3.7498650908055575
3.7498650908055575
4.226986345525219
3.3238963585332764
2.812012997554402
4.5280163411892005
4.5280163411892005
4.5280163411892005
4.226986345525219
4.5280163411892005
3.682918301174944
3.829046336853182
3.925956349861239
3.925956349861239
4.226986345525219
4.226986345525219
4.226986345525219
4.050895086469539
4.5280163411892005
4.050895086469539
3.829046336853182
3.925956349861239
3.925956349861239
4.050895086469539
3.1662885051716083
2.564228513843646
4.226986345525219
4.226986345525219
3.6249263541972576
4.226986345525219
4.050895086469539
4.226986345525219
4.5280163411892005
4.5280163411892005
2.996537424146946
4.050895086469539
3.1662885051716083
3.829046336853182
4.5280163411892005
4.5280163411892005
4.5280163411892005
3.009502401311314
4.5280163411892005
3.4140729888823644
3.7498650908055575
3.925956349861239
3.573773831749876
3.829046336853182
4.226986345525219
4.050895086469539
3.829046336853182
3.925956349861239
4.050895086469539
4.226986345525219
3.0366546473549283
3.7498650908055575
4.050895086469539
4.226986345525219
4.226986345525219
4.226986345525219
2.8467751038136138
3.925956349861239
3.6249263541972576
4.5280163411892005
3.829046336853182
4.226986345525219
4.5280163411892005
4.5280163411892005
3.829046336853182
3.925956349861239
4.226986345525219
3.682918301174944
3.7498650908055575
3.2975674198109273
4.226986345525219
2.7286757917356192
4.050895086469539
4.5280163411892005
3.925956349861239
4.226986345525219
3.205797046455282
2.77214148551671
4.226986345525219
4.050895086469539
3.925956349861239
3.1300763325171634
4.5280163411892005
3.7498650908055575
3.7498650908055575
3.829046336853182
3.925956349861239
4.5280163411892005
3.925956349861239
3.925956349861239
4.5280163411892005
4.5280163411892005
4.226986345525219
2.8290463368531826
3.080858309846982
3.682918301174944
3.925956349861239
3.925956349861239
4.226986345525219
3.925956349861239
3.205797046455282
4.050895086469539
4.050895086469539
3.009502401311314
3.0366546473549283
3.6249263541972576
3.7498650908055575
4.050895086469539
4.226986345525219
4.050895086469539
4.226986345525219
3.3238963585332764
3.35192508213352
4.5280163411892005
4.226986345525219
3.682918301174944
4.226986345525219
4.226986345525219
4.226986345525219
3.829046336853182
3.829046336853182
3.5280163411892014
3.2975674198109273
4.050895086469539
4.050895086469539
4.050895086469539
3.0656183432902453
1.6403990408534654
2.1097150498694557
4.226986345525219
3.249262740236372
4.226986345525219
3.829046336853182
2.8945478856096147
3.2975674198109273
3.4140729888823644
4.226986345525219
4.5280163411892005
4.5280163411892005
2.757164329547057
2.9598146171222064
4.050895086469539
4.226986345525219
3.925956349861239
3.7498650908055575
4.226986345525219
4.226986345525219
4.226986345525219
4.226986345525219
4.5280163411892005
4.226986345525219
2.6891672504519457
3.22698634552522
4.226986345525219
3.0228663628692956
3.381888305510963
2.6037370551273193
3.0366546473549283
3.925956349861239
3.925956349861239
3.925956349861239
3.829046336853182
3.925956349861239
3.4140729888823644
3.682918301174944
3.682918301174944
4.050895086469539
4.050895086469539
3.925956349861239
2.207870055078147
3.829046336853182
4.5280163411892005
3.2975674198109273
3.829046336853182
4.226986345525219
4.5280163411892005
4.226986345525219
4.226986345525219
3.925956349861239
3.1662885051716083
3.35192508213352
3.4140729888823644
4.226986345525219
4.050895086469539
4.050895086469539
3.7498650908055575
4.5280163411892005
4.050895086469539
2.9482327445723913
4.226986345525219
4.226986345525219
3.829046336853182
4.050895086469539
4.5280163411892005
4.5280163411892005
3.5280163411892014
3.5280163411892014
4.226986345525219
3.009502401311314
4.226986345525219
4.5280163411892005
3.272743836085895
3.925956349861239
4.5280163411892005
2.7356246516909475
3.7498650908055575
3.185593660366995
4.226986345525219
4.5280163411892005
4.050895086469539
2.5236949674065587
4.226986345525219
4.226986345525219
4.050895086469539
3.7498650908055575
3.829046336853182
2.996537424146946
3.486623656030976
3.249262740236372
3.381888305510963
4.5280163411892005
4.050895086469539
4.226986345525219
3.6249263541972576
3.829046336853182
4.5280163411892005
4.5280163411892005
4.5280163411892005
4.5280163411892005
4.5280163411892005
3.7498650908055575
3.7498650908055575
3.7498650908055575
4.5280163411892005
4.226986345525219
4.226986345525219
3.249262740236372
4.226986345525219
4.226986345525219
3.925956349861239
3.925956349861239
4.226986345525219
4.226986345525219
4.226986345525219
3.829046336853182
4.050895086469539
4.226986345525219
4.5280163411892005
3.7498650908055575
4.5280163411892005
4.5280163411892005
2.641525616016719
3.829046336853182
4.226986345525219
4.226986345525219
4.226986345525219
4.226986345525219
3.925956349861239
4.226986345525219
4.5280163411892005
3.925956349861239
3.829046336853182
3.486623656030976
3.6249263541972576
3.925956349861239
4.226986345525219
2.275163310209308
4.226986345525219
3.5280163411892014
4.5280163411892005
3.925956349861239
4.5280163411892005
2.5151791164840294
4.050895086469539
4.050895086469539
4.5280163411892005
4.226986345525219
4.226986345525219
4.226986345525219
4.226986345525219
4.226986345525219
3.829046336853182
4.226986345525219
4.5280163411892005
3.6249263541972576
3.925956349861239
3.5280163411892014
3.5280163411892014
3.925956349861239
4.5280163411892005
3.0508950864695388
3.381888305510963
3.925956349861239
4.226986345525219
4.226986345525219
3.829046336853182
4.226986345525219
2.8945478856096147
4.226986345525219
4.226986345525219
4.226986345525219
4.226986345525219
3.682918301174944
4.050895086469539
4.5280163411892005
4.5280163411892005
4.226986345525219
4.050895086469539
4.050895086469539
3.4140729888823644
3.829046336853182
4.5280163411892005
3.486623656030976
4.226986345525219
3.925956349861239
3.486623656030976
3.925956349861239
3.925956349861239
4.226986345525219
3.7498650908055575
4.5280163411892005
4.5280163411892005
4.5280163411892005
3.925956349861239
3.272743836085895
3.925956349861239
4.050895086469539
2.9717138404219137
2.0508950864695388
3.080858309846982
4.226986345525219
3.3238963585332764
3.925956349861239
4.226986345525219
4.226986345525219
3.925956349861239
4.226986345525219
4.226986345525219
3.925956349861239
3.7498650908055575
4.050895086469539
3.381888305510963
3.381888305510963
4.226986345525219
3.925956349861239
4.5280163411892005
4.050895086469539
2.456134333883076
4.5280163411892005
4.5280163411892005
3.7498650908055575
3.5280163411892014
4.050895086469539
3.6249263541972576
4.226986345525219
3.0366546473549283
3.829046336853182
4.050895086469539
3.205797046455282
4.050895086469539
4.050895086469539
3.3238963585332764
4.5280163411892005
4.5280163411892005
1.7623477864301873
4.5280163411892005
4.5280163411892005
2.8290463368531826
3.573773831749876
4.226986345525219
3.009502401311314
4.226986345525219
4.226986345525219
3.4488350951415763
3.6249263541972576
3.5280163411892014
4.5280163411892005
3.7498650908055575
4.226986345525219
2.9717138404219137
3.7498650908055575
4.226986345525219
2.4242126202332446
3.829046336853182
4.226986345525219
3.185593660366995
3.682918301174944
4.226986345525219
4.226986345525219
4.5280163411892005
3.682918301174944
3.7498650908055575
4.5280163411892005
4.226986345525219
3.829046336853182
4.226986345525219
3.829046336853182
4.5280163411892005
4.226986345525219
4.226986345525219
3.1662885051716083
4.050895086469539
4.050895086469539
3.6249263541972576
4.5280163411892005
3.080858309846982
3.1478050994775955
3.925956349861239
3.4488350951415763
3.682918301174944
3.925956349861239
2.64720274890841
4.5280163411892005
4.226986345525219
3.486623656030976
3.925956349861239
3.829046336853182
4.5280163411892005
4.226986345525219
2.658784621458225
4.226986345525219
4.5280163411892005
4.5280163411892005
2.048009398232051
4.226986345525219
3.829046336853182
2.3912957740327947
3.486623656030976
3.6249263541972576
4.226986345525219
4.226986345525219
4.226986345525219
3.682918301174944
3.486623656030976
4.226986345525219
4.226986345525219
4.050895086469539
4.5280163411892005
3.925956349861239
4.226986345525219
4.226986345525219
3.5280163411892014
3.2975674198109273
4.050895086469539
3.7498650908055575
3.6249263541972576
3.5280163411892014
4.5280163411892005
4.050895086469539
3.4488350951415763
4.050895086469539
4.5280163411892005
4.226986345525219
4.226986345525219
3.4140729888823644
3.925956349861239
4.226986345525219
4.5280163411892005
4.5280163411892005
4.226986345525219
3.925956349861239
3.5280163411892014
3.7498650908055575
4.226986345525219
4.226986345525219
3.573773831749876
4.050895086469539
4.050895086469539
4.5280163411892005
4.5280163411892005
3.829046336853182
4.5280163411892005
3.35192508213352
3.829046336853182
4.5280163411892005
2.441656510514453
3.096652577030214
3.829046336853182
4.050895086469539
4.5280163411892005
4.226986345525219
4.5280163411892005
4.050895086469539
4.050895086469539
4.050895086469539
2.996537424146946
4.5280163411892005
2.915232484469466
3.272743836085895
4.5280163411892005
4.5280163411892005
3.7498650908055575
4.5280163411892005
3.3238963585332764
4.050895086469539
4.050895086469539
4.050895086469539
3.925956349861239
4.226986345525219
3.925956349861239
3.925956349861239
4.050895086469539
3.185593660366995
4.050895086469539
3.5280163411892014
4.226986345525219
4.226986345525219
3.573773831749876
2.996537424146946
3.7498650908055575
4.226986345525219
4.226986345525219
3.113042993218383
3.7498650908055575
3.925956349861239
4.226986345525219
4.226986345525219
4.050895086469539
4.226986345525219
4.5280163411892005
4.050895086469539
4.050895086469539
4.050895086469539
4.050895086469539
4.050895086469539
4.226986345525219
4.050895086469539
4.226986345525219
3.925956349861239
3.35192508213352
3.0508950864695388
4.5280163411892005
4.5280163411892005
4.050895086469539
4.050895086469539
2.2469829739414737
3.35192508213352
3.35192508213352
3.7498650908055575
3.682918301174944
2.3293592542347787
3.7498650908055575
3.7498650908055575
3.35192508213352
4.050895086469539
3.35192508213352
4.226986345525219
3.381888305510963
3.381888305510963
4.050895086469539
4.226986345525219
4.050895086469539
3.829046336853182
4.5280163411892005
3.6249263541972576
4.050895086469539
4.226986345525219
3.080858309846982
3.7498650908055575
3.573773831749876
4.226986345525219
2.031086693115986
3.829046336853182
4.5280163411892005
3.829046336853182
3.3238963585332764
4.5280163411892005
4.5280163411892005
4.050895086469539
2.803740471588412
4.5280163411892005
4.5280163411892005
4.226986345525219
4.226986345525219
4.050895086469539
4.226986345525219
3.925956349861239
3.4488350951415763
4.226986345525219
4.050895086469539
4.226986345525219
4.226986345525219
4.226986345525219
4.5280163411892005
3.0656183432902453
3.682918301174944
4.226986345525219
4.226986345525219
3.925956349861239
4.5280163411892005
4.5280163411892005
4.050895086469539
3.682918301174944
4.5280163411892005
4.5280163411892005
4.050895086469539
2.820446165091265
4.5280163411892005
4.5280163411892005
4.226986345525219
4.226986345525219
4.226986345525219
4.226986345525219
3.3238963585332764
2.8467751038136138
4.5280163411892005
4.226986345525219
3.0366546473549283
4.226986345525219
4.226986345525219