0.5709040160624429
0.6882273749194978
0.6864553270714473
0.6857389090599478
0.6047107330614668
0.7782667930661719
0.6397635841977534
0.6955107546043334
0.93539895608616
0.7265816795597981
0.6217057581693706
0.6614183647511302
0.8055354368642238
1.1802149326846132
0.6088035255551782
0.868750528884513
0.795599509143869
0.7449816913462949
0.7062155193850707
0.6395409359568589
0.6942080317932531
0.8669383892494719
1.0443509765082961
0.5909510225201517
0.7677587045034449
0.6060069141394777
0.8535911248787341
0.6565945093297224
0.7144249843070868
0.6171174026634125
0.6475617978006003
0.6549336634044776
0.6686203750306483
0.707897815422815
0.7631210649501133
0.7461416299603054
0.6530184044829903
0.6401463653695071
0.6318091997442995
0.7374699778855087
0.7246165327421465
0.6004550881176551
0.5306942767114899
0.6772317434620192
0.6672001936489849
0.6790586340718439
0.6331631497354322
1.0609503832490013
0.9672340745250705
0.8330134846625399
0.9291814463082391
0.839528090140802
0.9291814463082391
0.6212803149072063
0.9406574929721493
1.080977357491351
0.810685917967108
0.6256921701583416
0.5705195843304616
0.6629562914967
1.306244332431131
0.6864447660560619
0.7024877325445242
0.7024877325445242
1.3522365018686768
0.5739243480814914
0.6139831878178038
0.7589809523828346
0.7033892865021014
0.783787840850266
0.8930133543081638
0.696282394092013
0.590381001716583
0.7545539450905305
0.6282399773744263
0.6104504127044581
0.5945760588579089
0.6964252365584215
0.7200350987562684
0.6046965966913468
0.8692082408206674
0.6046188794169226
0.6024953522570303
0.6030377659288352
0.7567100781044519
0.6700042490462447
0.6528120364362432
0.5981187646715223
0.7631210649501133
0.5775705484895808
0.6289299390919159
0.7974566342054206
0.7112389153561953
0.6896946277617659
1.0679714893983423
0.6258355454964026
1.0320991934521546
0.6986690582772214
0.7960848145388926
0.9129711251622957
0.7737010329633807
0.9291814463082391
0.7343148970921508
0.9182387739597302
0.6765539385780203
0.6192119051263948
0.8046855667450707
0.8801330405639436
0.6547976359503761
0.5960501419215801
0.6315684439206235
0.8140945856824586
0.6355297615786176
0.6053092264985519
0.5948703380635245
0.5732214016696928
0.8195051277172198
0.7578915470458142
0.5957618817043168
0.662630444975902
0.6414112427949311
0.647814056739146
0.6450313408552808
2.033283112857167
0.682474845198139
0.7997158206245025
0.8173698340119202
0.691107534595029
0.6397188289155831
0.6487743399239658
0.9048644694401966
0.6859359518373703
0.7017690402054279
0.7039573062306469
0.713133537251074
0.7000996440877088
0.5697448908024111
0.8226517701090027
0.8073067697803731
0.6312339652933011
0.7230483902806588
0.9900034288922639
0.5895953582659919
0.7239470215396271
0.6654635296759269
0.5961993180712303
0.6506507621047343
0.5649984253695197
0.6288904629641209
1.027713287260345
0.6711532766042687
0.6564025903622693
0.5649984253695197
0.7118648195093842
0.6862320860440316
0.6411410628856715
0.5931558965901075
1.0001286327685428
0.7856431185401564
0.8321343596618859
0.6446325195523709
0.6839888713294598
0.7614813341159252
0.5508456043113147
0.682796439492624
0.7623890532315039
0.7212314684929824
0.9478439703856542
0.673576794622473
0.6242644980551776
0.603269941172749
0.6572652772375149
0.8041360985756498
1.1252214025815441
0.8046855667450707
0.6903856405586702
0.533263851894772
0.5957524528866158
0.5762332118192496
0.6885027284393272
1.3690656622066535
0.6290273687534742
0.689004653689864
0.6543186414082532
0.7275812371426609
0.8056139561941836
0.8432867653536876
0.6961582796582485
0.5879773474508061
0.6518623245067884
0.5643690835669809
0.7613944523130478
0.9770220582054939
0.6671347489219762
0.8783085150257083
0.8866052735068632
0.6886784727948516
0.890725404672217
1.1468824547482104
0.7167875841109858
0.674108448093639
0.5905624925894157
0.6225345174319062
0.7276982379481943
0.6467359229519674
0.9829887222988172
0.7846982153834782
0.6149293707623941
0.6806025951950448
0.9447433564375175
0.8198798640717915
0.6777799430070685
0.567532693613882
0.7519753763917261
0.7772116771344142
0.6957645872132959
0.6164209643221018
0.6985920732081341
0.6223967438361436
0.937167109003247
0.5783307625460049
0.9022021343942201
0.6050260243312876
0.8691373715738054
0.5862066955058631
0.6220230783264253
0.611917958395715
1.1882264234251787
0.572788246062737
0.7960698619957625
1.1845591936652609
0.6316600372351332
0.9092083295515849
0.5914825811041714
0.7627318533219357
0.6588603996748832
0.8324588584060321
0.8642180963644194
0.8872897419911339
0.6519324086526583
0.6236030189106442
0.6939276890225642
0.6656585519821024
0.7768796328297081
0.7775699809181014
0.8433067226076348
1.2233225990130268
0.6193197196023663
1.0083800359817503
0.5381855864018719
0.7642917310001006
0.8401358550328716
0.8082271251450698
0.5736171342454448
0.6556657241558017
0.5595848278419919
0.5630227720472535
0.6945491606125722
0.7593323428559678
0.6882924460980478
0.5800312917410104
0.5298963250548009
0.728220774469599
0.5228894735416154
0.654494496860638
1.170918610628828
1.170918610628828
0.6770534106920055
0.7493935828304173
0.9765738018003448
0.714225560645389
0.75990536294068
0.5778554676028387
1.09396765867465
0.7386257479050805
0.833126459755473
0.6228704266987982
0.7041238031707251
1.0184656731914663
0.8510186695166896
0.6551297931385133
0.5624765306568054
0.7261415089591435
0.8417417824374728
0.8673897645739611
0.6567653944057591
1.5816226579874022
0.684538032055728
0.8347799680339907
0.6267540926637073
0.6288649342696195
0.6904685689659534
0.7104249586577105
2.67176085823421
1.2658992198717147
0.8149088181724196
0.7306793561320645
0.677543754672976
0.8226128002620193
0.8163652834777312
0.9762967776114196
0.9734340113176063
0.7638453597825704
0.6735816911798681
0.797882660996629
0.6016505455248045
0.8923700068271759
0.6922888607294723
1.065511799176399
1.6382617816827596
0.7886253562151404
0.8758573920079176
0.7302632120387662
0.7959217238762959
0.6771024498889838
0.8990106507196044
0.8027044191570949
0.667453929192825
0.6217481558170841
0.6769818564435779
0.9788340265240978
0.7180936035754233
0.711703766390245
1.3595975481682774
0.8877270241342029
0.6099752137120781
0.6127325652056326
0.7255939390590506
0.7865922727151545
0.5732566769040927
0.7072433195207218
0.6493673243723129
0.7072433195207218
0.7745160059629416
0.735255179843278
1.4286468109884722
0.7367087054040585
0.9317336727586801
0.5943049261377398
0.8091615237261801
0.7226156809539761
0.6797403769712056
0.6646571835153265
0.6797403769712056
0.7246733787614357
0.6258942091068994
0.6352783554834892
0.99492686971357
0.6670609652558729
0.9107056411899149
0.8526323425651716
0.7236008108054678
0.6717698924919293
0.6163280369659155
0.7477530758789326
0.673679298079192
0.5792398205074897
0.9110973873739773
0.8664519195124463
0.69115525043505
0.795111711798023
0.581849147661279
0.7477530758789326
0.8611335929638929
1.1576114346024446
0.7477530758789326
0.8577661110025423
0.9152748661092273
0.8526323425651716
0.9877799437480113
0.8499566685749848
0.629298193632476
0.6391507160047479
0.7063525107630971
0.6457220874602323
0.6714293660318229
0.7370776065176763
0.7909058178285786
0.8313198590299875
0.8431400369194763
0.9907504004048017
0.7971933385729919
0.8157009874062382
0.5566314001739778
0.6607208420442028
0.7170737364464712
0.6719914402076187
0.8503584895283586
1.087922491372269
0.7371091600857214
0.9479585937237854
0.9320932312620389
0.5976747853838668
0.558776940692008
0.7832780364208735
0.7288357230448957
0.5949616476763674
1.0581774587584558
1.0181000906349296
0.6391568833920761
0.7437912963510774
0.7622176490248812
0.8857886056945733
0.6960591338788775
0.8615609589541984
0.6620973578831544
0.7291744747545706
0.7955789006466599
0.6045407555584992
0.7259697790746257
0.6104999021392209
0.6957186044006076
1.0396531641710578
0.7914002468035363
0.8844770062013879
0.8380641241673589
0.7182162131192336
0.5764144026848748
0.6616725928792425
0.8227321892403103
0.7344890194568985
0.8227321892403103
0.6745193067335901
0.6735443737101003
0.5343188163441848
1.4039513705634536
0.8306343721834378
0.8287175863099506
0.7992369409144199
0.7711636494021467
0.5825980404810531
0.7129965514629761
0.9273162451926047
2.67176085823421
0.878390698446174
1.3395608109558441
0.6533170868084711
0.7556708788078118
1.0447214371184605
0.9965419995945961
0.6991705021498497
0.8623872213962096
0.5765492567716213
0.7133511725984273
0.8351760096826807
0.5797771971512143
0.7683518966190794
0.6193930950346016
0.8930368180854676
0.6564148088273773
0.6804546172813041
0.8903041868567839
0.693501424776435
0.7000170985515596
1.404572164551951
0.6528416073196016
0.6607672531205326
0.7981321453213291
0.8919542047556943
0.9781489519329288
1.966054241297128
0.8146857125909303
0.6566855033435653
0.6260569464945112
0.6728111013347609
0.5428644478776055
0.7830108983461239
0.5364237046261378
0.6133459320678879
0.5866598570767699
0.9035840561095863
0.7960681421107606
0.5666971959598801
0.5854995112597033
0.6960522904139596
0.6395032937067784
0.6803988292127787
0.6003059954612928
0.5912542641051025
0.7843815980017045
0.5658871363878506
1.2919972621461615
0.5942576165801562
0.7887112710741103
0.7333371752257346
0.6730152283250895
1.222824067227763
0.8288886234824029
0.5492735622903571
0.7960963227951978
0.727984554088585
0.8936661739318592
1.044386999043222
0.6565251218424989
0.9706925562968806
0.8456736460018406
0.7000353917608751
0.5789663464204694
0.8513959055801618
0.6588226867473882
0.5958562691806745
0.6582327425213684
0.6034110421301693
0.7905911729464726
0.6386155958771356
0.7480316199414201
0.6713613751962378
0.5995288936508746
0.9390296892671207
0.5950682669023173
0.8901311611648465
0.5916375511008626
0.5684765742824612
1.0079090552454104
0.88505531288247
0.7918855530068043
0.7545947154552514
0.6375503619776807
0.5742940875832342
0.6602457487257077
0.5811255706014594
0.6265520769733829
0.62301936877523
0.7369753731792574
0.6273932781153896
0.63437887447777
0.8877574190560018
0.5349364738170769
0.7422046435557204
0.6744285081618022
0.6010046167271936
0.7436318841974311
0.6234513474674964
0.8345547890563251
0.9486035692686292
0.8259899173422404
0.5978573007019353
0.7064788995190158
0.6462885117541447
0.7675175745012004
0.7240949726906845
0.6789091187952536
0.8611611701972416
0.7500609595564842
0.953874098820025
0.899427921084349
0.5778745658391399
0.7095574986701535
0.9900504283481288
0.9062915791475404
0.7254035108000606
0.8548930772763497
1.0872485856946512
0.549676575490921
0.7207062427139269
1.1345085434322393
0.6135495194561449
0.9458232695546878
0.6192662345697975
0.8685372261825558
0.7767481530111658
1.0441062928879843
0.7277769109584794
0.7070358710563458
0.6745253105704043
0.7278677478071206
0.8254249098525133
1.0428359857409402
0.7682865069322982
0.7746408932531004
0.6958824285166116
0.7094967220447663
0.6329121389729407
0.5483254302010633
0.6663649077362481
0.7436318672482483
0.7381666445225668
0.5684435554703825
0.5608693054768423
0.6878465696193133
1.0830105829042667
0.8745877935460953
0.8160202857405179
0.8682130862199027
0.7119592611284531
0.807003819069876
0.7519741513057996
0.745193602093812
0.5521743908594013
0.7612728434226855
0.8702148774492104
0.7064226638226492
0.8582385306828088
0.7788782390531102
0.9035552066128012
1.019142131023447
0.5829990056321505
1.0919046684602516
0.712846149942483
0.8593575352930823
0.5262017083331805
0.6682572895199215
0.6358201630961539
0.7012187647271935
0.6135706434234194
0.8259451681941506
0.8266107766960747
0.7213185931357808
0.6486564403513009
0.7146708387308933
0.6312128401750454
0.6561682736202525
0.6641123892566616
0.558270740872234
0.6782662465016905
0.6534324494402062
0.701731875221031
0.6468431960784895
0.669920649573222
0.5976804904198281
0.5987180976870692
0.8613730721072528
0.675808820608021
0.9836024763983592
0.7296528317736596
0.614824575722142
0.6923441411565192
0.9674766458082328
0.6710119763466896
0.8078861289323634
0.6323659161009217
0.585233192426651
0.6450432570745098
0.46028105278250087
0.7570281853283347
0.5934294070469377
0.7458636172464762
1.276056501741991
0.5509633943085641
0.7830240389381463
0.6990947591099819
1.079823715163947
0.7785527776907741
0.6871229313119993
0.6952392839067079
0.5636073307416016
0.714202715793334
0.9246375707444799
0.9885739322868983
0.9787783357295372
0.8275680390394433
0.6995902522853763
1.598343076037082
0.5989806358865771
0.7119229359094892
0.6643278277251097
0.7071674641861833
0.7367769409308468
0.9165261891466814
0.9972468809320556
0.6676757113646663
0.5252850296333362
0.8951746607751381
1.040296611823476
0.5812079574450045
0.6753783681724801
0.9099060683654373
1.2658992198717147
1.0049953085115104
0.6588111788008373
0.9338430539859987
0.6373447512265668
0.7516496318249754
0.6638778691239674
0.6900853946744376
0.634257327946841
1.1686460231742224
0.6710045263207107
0.7519753763917261
0.9457644209454965
0.8522533562796616
0.7727946442808852
0.7148838100712757
0.6213714031452273
0.6234976318385216
0.7072433195207218
0.6396555633829767
0.7580901529079596
1.0507255401999855
0.536488139673369
0.9457644209454965
0.6012567698628374
0.6861476049424945
0.7066743828970915
0.837854544855691
0.7637143715374333
0.7928248751250497
0.7163616478120923
0.8422953733110949
0.8632259755266513
1.1561743289828617
0.6892353163174146
0.7795020901462264
1.002975864810339
0.8022458262658597
0.5336802317577003
0.8072416589440568
0.4973596679455226
0.862166673833499
0.7336116914231975
0.6864128060773373
0.8899657853121805
0.6211102288967231
0.6085452034030939
0.6934517390877174
0.6518054500201226
0.67082812465923
0.7380486172719849
0.633866241441195
0.8475675376287515
0.7823612378676168
0.6071857709400195
0.6429917063681327
0.7450183609894439
0.6734666360089135
0.7241416095631458
0.5655183445409452
0.7553816006014996
0.6025271686262107
0.6315614463034759
0.8133497848952775
0.6669850809731901
0.7288388445943733
0.6407791779795936
0.6768723171852319
0.6593707602770036
0.5594669648973662
0.6067367787753227
0.83585761425952
0.6091027526120013
0.8694289687710874
0.8304906760955003
0.6450805052938651
0.7110963994909982
0.6198215219649121
0.6964341726532148
0.7438147465589882
0.6384486104734381
0.6776001333266067
1.6280341047265685
0.7557172605144094
0.6045310217800827
0.6937110694181112
0.731554679543978
1.0855599019468338
0.6401490345421239
0.8542435091391832
0.9284633269372409
0.8711802997890364
0.7129307672118443
0.6059118516799826
0.590857522915489
0.8639990073683622
0.6987620030384023
1.0462498812894345
0.8995096076828677
0.6623987183176386
0.7637556862839903
0.8752373039172434
0.6551502585799417
0.5885015516711597
0.9457644209454965
0.6707304730709861
0.8099317865677783
0.6116947964656633
0.6509113072440951
0.6430548533751507
0.6466165519697048
0.7415877338961665
0.6144041592542567
0.7930963638656318
0.7829186054873176
0.6292608284480468
0.6113060849170915
0.7457400112451428
0.5490216285118448
0.6698314196609093
0.9422595103578828
0.6733261383163861
0.837557369195533
0.7996525165426662
0.6584885421214665
0.8500306645236692
0.8487170433228511
0.6756774258433136
0.6796981818338071
0.7466036437043592
0.6143128074622339
0.49386908421798337
0.6173273054413336
0.9475413221846019
0.7234743303812443
0.6970151201893626
0.6169992083071719
0.7261562590665053
0.6218079264222375
0.7920745880318109
0.6424343081385927
0.8083525734548153
0.5733235405025057
0.7218564410972264
0.5832928034556406
0.7373362332860136
0.7582268789752291
0.6498135558927002
0.7525030438010886
0.5599443889448747
0.8085413217923283
0.6184416219261796
0.6494954735514419
0.6475704186631334
0.6276587600193159
0.6275492727793672
0.8167325935393147
0.7380176028253952
0.7174565308839571
0.6968885122229462
0.6440548287753312
0.8078207602339821
0.656409054391448
0.6787511342784995
0.6112948707626582
0.5517687164979223
0.6218617390285072
1.0848845664092603
0.6732141544477642
0.9824138324383759
0.5780661846948312
0.5475166818906965
0.6296779220524102
0.5366660561482726
0.7509397903412597
0.6036858070078187
0.5502049540878446
0.8395701984174797
0.6648725838785755
0.5380974222150359
0.676192918310034
0.5486497269942178
1.156511528402704
0.5829894559818702
0.7654760436743423
0.5405548228505933
0.697434651956038
0.6218949309319938
0.5457412160790407
0.8319893740592225
0.6310360862148461
0.6629351643459477
0.5687733495986577
0.6678474966494955
0.5056425811857972
0.683168311580306
0.6502774007382534
0.6787110064473898
1.034516754799592
0.6921945804800224
0.6731879639025958
0.6300633312490656
0.6378621588047539
0.9217292230860978
0.6899321020769985
0.5944331151305857
0.6691470159974442
0.7435039399936252
0.9145522281124749
0.658551039219532
0.7104302215752565
0.6416754507050118
0.708926388250304
0.6247558825733216
0.7156120912211824
0.8058669047956937
0.6020855168450165
0.5873143308012665
0.6477798215513135
0.6192734424462042
0.5036447222912893
0.9231914511070739
1.005095979468989
0.6557877050476782
0.5823451183608973
0.657671243640893
0.8661766721429047
0.6496801245819768
0.6123431342206123
0.629774840862185
0.935937276031187
0.7385899925281546
0.7774575105874315
0.6258421709463206
0.6493211533071656
0.6610044151656581
0.5968407868570434
1.283348704988441
0.7109567151827548
0.5053620362142651
0.6287787973537914
0.6810562259903749
1.2343913377866678
0.604693092326484
0.8126277157545044
0.7245059340202017
0.8876866821039724
0.8756784655334705
0.7607236481797871
0.5466904326176341
0.6311605339801266
0.6912347634531946
0.7273633170993224
0.6421182255812794
0.6261309371655286
0.7742504636113379
0.6864508630702038
1.0649955819747434
0.6903371451556796
0.612191196224245
0.6952788562381309
0.5839063664687222
0.8967013974235831
0.5295725577569186
0.5748057131211133
0.6529428986724108
0.5887769355538871
0.8040393333959137
0.557575297177129
0.7581335370610286
0.6255865157378939
0.5770851265108707
0.5614930019723736
0.8455417266820596
0.5787849840183582
0.7571191836523289
0.8301376732963506
0.9789548811690879
0.9184373156743096
0.6255865157378939
0.7430191802878028
0.715620706291425
0.7132294795376911
0.6270745482037596
0.5242528977008036
0.5624715025088112
0.5850925960193483
1.7782217413199355
0.7719422666606408
0.928862004751279
0.828570805220799
1.0363205350849944
0.9729013845147744
0.944227889903405
0.944227889903405
0.9045562098612169
0.6507958675656591
0.8702969536024029
0.8903153743475978
2.5870524252256937
0.5555327172642421
0.7211479884387595
1.143477251575295
0.6624384312230759
1.01966353262561
0.7611670164908
0.7534516529849041
1.3411769391731247
0.6794774171082317
0.6686203750306483
0.9337720577508073
0.6998434485874437
0.5677351712038454
1.1836531671608395
0.8786319270614719
0.7022400055653737
0.9274979788339904
0.682977451417967
0.7540402553306934
0.9479317898935602
0.9479317898935602
0.8585240838633434
0.988692051736757
0.7449137894381614
0.6841959840016267
0.894061134565157
1.1347329653407443
0.7941619895989332
0.977204740404093
0.8516690355233624
0.6850738171373314
1.2117301452884846
1.040791624900642
0.7714186816207799
0.8187099615893877
0.6104504127044581
0.9303344383909034
0.8632042973698835
0.8900222126554523
0.6275121042644398
0.769254388831997
0.8066181361217665
0.9188547835023176
0.6780851809606381
1.0981870094135406
0.7162853432575752
1.4089148940695735
0.7130782647752283
0.9888111852419782
0.6665074826514543
0.6192119051263948
0.7679292607145617
0.6355297615786176
0.9014698468889691
1.088174852981004
0.8297093633901912
0.9230411077761919
0.771898241828286
0.9217101386238435
0.8492728023357303
0.720283439762379
1.2478498819578714
0.6408256822408918
0.6503091132003292
0.705273223742408
0.6750936376805414
0.7060525972243008
1.495480284899703
0.7631061750830329
0.6648821859360601
1.186812301618512
1.0158458823542709
0.651791052979456
0.8907211704149226
0.7304916428683753
0.7057280551790495
1.028607850594927
0.9986021483080327
1.3118582656732605
1.0067227543591493
0.6862320860440316
0.5931558965901075
0.9462378644424463
0.6370894719420112
1.7849104016767399
0.6242644980551776
0.7692948497572044
0.8760062994432555
1.0164995911917059
0.6779385462631985
0.6903856405586702
0.5957524528866158
0.99237789258027
1.2407787415191407
0.689004653689864
0.7708215020857482
0.7542369330368577
0.6194482721029252
0.8296358300335277
0.728275777959429
0.6929594932950082
0.7029642454717008
0.9563452152451627
0.9037927851879072
0.890725404672217
0.6259739399152083
0.7167875841109858
0.8786319270614719
0.7867110851972138
0.853910454247265
0.8198798640717915
1.4683523379702605
0.7946280848037601
1.2047931756585317
0.6916182343425589
1.5472725674963181
0.7088158128868317
0.8239478474697904
0.6399754506136471
0.8691373715738054
0.6395675226334175
0.7328381477164829
0.6899584927688465
0.5914825811041714
0.7627318533219357
0.6588603996748832
1.0395376017553855
0.6596243490417316
0.8385818846757191
0.871052606900494
1.073528596525266
0.8433067226076348
0.6193197196023663
0.8922149841087017
0.8016015887298591
0.8450350538157805
0.7446135419856443
0.7377817823708361
0.5651429037232892
0.8864479249757172
0.7603174617943111
0.669386338478548
0.728220774469599
0.7912307513878081
0.9765738018003448
0.75990536294068
1.09396765867465
0.833126459755473
0.7900939541358378
0.7260541611279954
0.8510186695166896
0.6551297931385133
0.7110514319147537
0.8785503311651125
0.8605390791511286
0.801306334618113
0.6267540926637073
0.9025610571994377
0.6904685689659534
0.9807035974214738
2.67176085823421
0.7225035261002503
0.7306793561320645
0.6009993005582357
1.0007367244690788
0.6313068862914424
0.8337114324831366
0.8630455698692637
0.6769818564435779
0.711703766390245
0.7045547383866472
0.9317336727586801
0.9902535729061898
1.3680701810372862
0.7976582918577192
0.7322616173901791
0.7246733787614357
0.8695030921090866
0.9107056411899149
0.6723069932646196
0.6717698924919293
0.6163280369659155
0.7477530758789326
0.7934040893376963
0.795111711798023
0.7477530758789326
0.7477530758789326
0.9877799437480113
0.6460166923719968
0.7810929583276073
0.6620085835398439
0.6761426387400054
0.5566314001739778
0.5976747853838668
1.1358326851572516
0.556488615635512
0.8465095022488563
0.6760208318688373
1.0926199289530987
0.7259697790746257
0.8844770062013879
1.0273593185173415
0.7827236622046897
0.6823378808836852
0.7344890194568985
0.9152824323553355
0.864283282623738
0.8043236158609545
0.7231358060436057
1.1705201051611427
0.811171136502786
0.7863688884523649
1.0045928620257727
1.2280283194961958
0.9738394737238323
2.1149824304912337
1.0711341530512262
0.8052141462366003
0.7595505723667028
0.950502480055139
0.6531131176484982
0.9114912400083677
0.8645752652299307
1.3149912012479015
1.966054241297128
0.8146857125909303
1.0495248802759982
0.6755043716011391
0.6260569464945112
1.1511724697421317
0.7701311996659966
0.9129443306907311
1.0298803090849784
1.0979252566875364
0.7632325480584604
0.6576027070451991
0.8800738396710526
0.7576108511206447
0.9382877777334676
0.8936661739318592
0.7673620419574091
0.6565251218424989
0.8361674209113997
0.7000353917608751
0.5698755448985148
0.8721723538046547
0.7480316199414201
1.0079090552454104
0.6535187407676155
0.7911898191087294
0.8877574190560018
0.80160110107696
0.5349364738170769
0.7203328786803098
0.9115937258645528
0.9908888415156197
0.6234513474674964
0.7188227710056975
0.8468207533863112
0.6901926301643891
1.0030315576748943
0.648574893278001
0.9900504283481288
0.6311760865165251
0.6190301896210768
1.122530050748319
0.7311986076482019
0.7508977507313943
2.0158618644615944
0.6873177181055662
0.6451323444871613
0.6517960550217617
0.9768639852845825
0.7424081921594712
0.7815588067238031
0.7682865069322982
0.97122269499266
0.6341137338743903
0.7606446836363353
0.7482990228228501
0.7535849265760024
0.6210008942536411
0.9036655504035805
0.8745877935460953
0.877164607575546
0.6244258104152377
0.712846149942483
0.6588991454317233
0.616320469294497
0.9979305302241599
0.5898806158706382
0.5958634392396183
0.6355738990998172
0.7820729712363141
0.9163287848551519
0.6782662465016905
0.6157811319379004
0.9454448417889054
1.0177544354523997
0.6826639567305636
0.8046400118785346
0.8444871525757782
0.698236659714018
0.7830240389381463
0.684696363928766
0.6871229313119993
0.6041652878384002
0.7595468712834341
0.9885739322868983
0.9987004005420144
0.7133450322968332
0.5482488095314498
0.7367769409308468
0.6598221438450497
0.6138644076119993
0.9972468809320556
0.7454726884430009
0.7191842200870662
0.8675995969623479
0.8243648137177971
0.6900853946744376
0.7805669197746258
0.6710045263207107
0.898145672282844
0.6072351241378998
0.755723082352338
0.7827353588621626
0.6014346591810402
0.7332416310171724
0.6630832515110969
0.7968406116931126
0.6537418678306437
0.6491433465812813
0.7728346564905837
0.678853917656916
0.7819349648988596
0.7329721288728965
0.9765792762839713
0.6921668531964884
0.6429917063681327
0.828615287893432
0.6734666360089135
0.8223722018156926
0.6594483693929605
0.599890468126547
0.9670012890998622
0.6768723171852319
0.7203466519240996
0.8694289687710874
0.8201297601513613
0.6964341726532148
0.6697802273734156
1.063570053066331
1.1099676650953594
0.6953000418123697
0.9526836735216965
0.8157751807149689
1.1648914466911218
0.7140000556037265
0.6455440270329664
0.613639462844834
0.7551665896232581
0.7729655466747508
0.5828444871823764
0.7435449589813389
0.7745954139368088
0.7169649826488536
0.6113060849170915
0.7120182033645289
0.8876652655121177
0.8631895791513078
0.8539662511480345
0.7756970628543485
0.7065457402639651
0.6173273054413336
0.7234743303812443
0.8381061705310405
0.6330727792124451
0.8083525734548153
0.7271246896576147
0.749034296244526
0.5599443889448747
0.6475704186631334
0.7871574971202542
0.6578728271769597
0.7005485059918318
0.5517687164979223
0.7206933672587127
1.0848845664092603
0.6587083601093252
0.5366660561482726
0.7125087214198628
0.7288133531388589
0.9041710182205073
1.156511528402704
0.7654760436743423
0.5405548228505933
0.5608498976500328
0.6731026135008447
0.8075132577594362
0.794141122268633
0.922166785961154
0.7548931825077896
0.683168311580306
0.7977241969102372
0.9435173365306792
0.5947445811517749
0.9145522281124749
0.658551039219532
0.8455417266820596
0.9071037403026775
0.6247558825733216
0.7156120912211824
0.710244164044524
0.5873143308012665
0.6702306978655759
0.6688005768646791
0.5036447222912893
0.6522897412291451
0.6496801245819768
0.9709499214669567
0.701579391937098
0.6330635061060367
0.6830590387425878
0.8876866821039724
0.763166528419701
0.675326866022349
1.1524637862673537
0.7071810279013688
0.8560890325120767
0.7842218733808137
0.6903371451556796
0.8013590529309406
0.7211132562630578
0.7964453176139662
0.6900736601206113
1.0151528539994683
0.7581335370610286
0.8331219214899763
0.7891215078426265
0.8818038859122368
0.7699353467390134
0.5242528977008036
0.8996825455041736
0.5709040160624429
0.7719422666606408
0.944227889903405
0.944227889903405
0.6507958675656591
0.5555327172642421
0.8055354368642238
0.795599509143869
0.7611670164908
0.707897815422815
0.5677351712038454
0.6672001936489849
0.6790586340718439
0.9479317898935602
0.9479317898935602
0.6212803149072063
1.096038213116563
0.788832160507147
0.7449137894381614
0.6841959840016267
1.1249002585838082
0.9465942164322829
1.0988361675001128
0.6629562914967
0.8284352837058011
0.7941619895989332
0.7589809523828346
1.2117301452884846
1.1456016276232246
1.040791624900642
0.7714186816207799
0.6046965966913468
0.6046188794169226
0.6700042490462447
0.769254388831997
0.8664707553812362
0.6289299390919159
1.0981870094135406
1.4089148940695735
0.6355297615786176
0.6053092264985519
0.5948703380635245
0.5732214016696928
0.9561629419774025
2.033283112857167
0.682474845198139
0.8297093633901912
0.771898241828286
0.8492728023357303
0.6408256822408918
0.6874630545535209
0.705273223742408
0.6312339652933011
0.7631061750830329
0.6648821859360601
0.8506095857585136
1.186812301618512
0.651791052979456
0.5895953582659919
0.6654635296759269
0.5961993180712303
0.7057280551790495
0.6288904629641209
0.6564025903622693
1.1436848204689134
0.8321343596618859
0.5508456043113147
0.9478439703856542
0.6242644980551776
0.6938340584324453
0.6903856405586702
0.533263851894772
0.5762332118192496
0.6290273687534742
0.99237789258027
0.6961582796582485
0.5879773474508061
0.6929594932950082
0.9770220582054939
0.8866052735068632
0.890725404672217
0.7167875841109858
0.5905624925894157
0.6467359229519674
0.6806025951950448
0.8198798640717915
0.8853822700785337
0.5415018132847474
0.7519753763917261
0.6916182343425589
1.5472725674963181
0.9461845811978841
0.6395675226334175
0.6220230783264253
0.5914825811041714
1.0395376017553855
0.8385818846757191
0.6236030189106442
0.8433067226076348
0.6193197196023663
0.8016015887298591
0.8450350538157805
0.7446135419856443
0.7377817823708361
0.7593323428559678
0.7603174617943111
0.669386338478548
1.170918610628828
1.170918610628828
0.9765738018003448
0.833126459755473
1.0184656731914663
0.6668646285890106
0.7260541611279954
0.8510186695166896
0.5624765306568054
0.7261415089591435
0.8785503311651125
0.8149088181724196
0.6313068862914424
0.6628886221227933
0.8981835502713696
1.6382617816827596
0.582447453114247
0.8630455698692637
0.667453929192825
0.6217481558170841
0.6769818564435779
0.711703766390245
1.0513244282749925
0.7255939390590506
0.7745160059629416
1.4286468109884722
0.9317336727586801
0.7226156809539761
0.7246733787614357
0.6258942091068994
0.8526323425651716
0.795111711798023
0.581849147661279
1.1576114346024446
0.8577661110025423
0.9877799437480113
0.7324595995500848
0.6391507160047479
0.7810929583276073
0.8313198590299875
0.8900938185817255
0.6607208420442028
1.087922491372269
0.9320932312620389
0.5976747853838668
1.0581774587584558
0.6365488437361558
0.6620973578831544
1.0396531641710578
0.8844770062013879
0.7344890194568985
1.4039513705634536
0.8306343721834378
0.8287175863099506
0.5825980404810531
0.7556708788078118
0.8514473836605234
1.0447214371184605
0.8351760096826807
1.0711341530512262
1.404572164551951
0.7981321453213291
1.3149912012479015
0.7810167926306983
0.8530634994327189
1.966054241297128
0.8146857125909303
0.6755043716011391
0.6521426525984492
0.9035840561095863
0.7701311996659966
0.7632325480584604
0.6803988292127787
0.6003059954612928
0.5942576165801562
0.5492735622903571
0.6565251218424989
0.9706925562968806
0.5789663464204694
0.6588226867473882
0.9364641945362799
0.5950682669023173
0.88505531288247
0.7545947154552514
0.62301936877523
0.7911898191087294
0.5349364738170769
0.6744285081618022
0.7436318841974311
0.7064788995190158
0.8468207533863112
0.7675175745012004
0.6789091187952536
0.6901926301643891
0.683366012935894
1.0030315576748943
0.648574893278001
0.7095574986701535
0.9900504283481288
0.8548930772763497
0.7902810665621731
0.6190301896210768
0.7767481530111658
0.7311986076482019
0.9768639852845825
0.7682865069322982
0.7535849265760024
0.7381666445225668
0.5781284304960194
0.5608693054768423
0.6210008942536411
0.8745877935460953
0.745193602093812
0.5829990056321505
0.712846149942483
0.8593575352930823
0.6588991454317233
0.6358201630961539
0.6312128401750454
0.5124974109929508
0.7820729712363141
0.558270740872234
0.8046400118785346
0.5934294070469377
0.5509633943085641
0.6871229313119993
0.7595468712834341
1.0182353958202361
0.6643278277251097
0.5482488095314498
0.6598221438450497
0.6753783681724801
0.7516496318249754
0.6638778691239674
0.8243648137177971
0.6710045263207107
0.6213714031452273
0.7072433195207218
0.6012567698628374
0.8632259755266513
0.6892353163174146
0.816058686641632
0.6864128060773373
0.6537418678306437
0.6934517390877174
0.7728346564905837
0.9765792762839713
0.5655183445409452
0.8223722018156926
0.8327381026781076
0.599890468126547
0.5594669648973662
0.7203466519240996
0.8694289687710874
0.7438147465589882
1.063570053066331
0.8013475314652275
1.1648914466911218
0.6551502585799417
0.6707304730709861
0.7829186054873176
0.7169649826488536
0.7457400112451428
0.8631895791513078
0.8539662511480345
0.7756970628543485
0.5579863954013491
0.7234743303812443
0.5610203419481945
0.6275492727793672
0.8167325935393147
0.6787511342784995
0.6218617390285072
0.9824138324383759
0.5380974222150359
1.0870745698320898
1.156511528402704
0.697434651956038
0.8075132577594362
0.922166785961154
0.683168311580306
0.6300633312490656
0.7435039399936252
0.658551039219532
0.9071037403026775
0.5873143308012665
0.6477798215513135
0.6192734424462042
0.657671243640893
0.6496801245819768
0.6610044151656581
0.7109567151827548
1.2343913377866678
0.604693092326484
0.763166528419701
0.6912347634531946
0.6421182255812794
0.7742504636113379
0.5626708426167261
0.5748057131211133
0.5887769355538871
0.8040393333959137
0.557575297177129
1.0151528539994683
0.8818038859122368
0.9184373156743096
0.7132294795376911
0.928862004751279
0.9729013845147744
0.8903153743475978
0.7211479884387595
0.7449816913462949
1.01966353262561
0.7062155193850707
0.5909510225201517
0.6060069141394777
0.6743459374389177
0.6171174026634125
0.6475617978006003
1.0497285670325864
0.6998434485874437
0.6004550881176551
1.1836531671608395
0.8786319270614719
0.5456660955779021
0.5550055221107065
0.9274979788339904
0.682977451417967
1.0609503832490013
0.9672340745250705
0.8330134846625399
0.9291814463082391
0.839528090140802
0.9291814463082391
0.7061523171531993
0.8585240838633434
0.988692051736757
0.7449137894381614
0.6841959840016267
0.6864447660560619
0.7033892865021014
0.783787840850266
0.696282394092013
0.5945760588579089
0.6030377659288352
0.679170174462161
0.6275121042644398
0.8664707553812362
0.7105999057745839
0.6986690582772214
0.9291814463082391
0.7343148970921508
0.9182387739597302
0.8046855667450707
0.6453810767587039
1.022436946115515
0.6226178382351766
0.7125487476741497
0.8195051277172198
0.6514829140308923
0.7578915470458142
0.5957618817043168
1.4715957095695054
0.6414112427949311
0.647814056739146
0.720283439762379
0.6397188289155831
0.7542548586888967
0.9048644694401966
0.7039573062306469
0.713133537251074
0.5697448908024111
0.7230483902806588
0.7239470215396271
0.8181741580674099
0.6999997079817128
0.9986021483080327
1.3118582656732605
0.6862320860440316
0.6411410628856715
0.5931558965901075
0.6839888713294598
1.7849104016767399
0.7614813341159252
0.7623890532315039
0.7692948497572044
0.8760062994432555
0.8046855667450707
0.6885027284393272
0.7275812371426609
0.8056139561941836
0.7999410559350784
0.8432867653536876
0.6953495610747413
0.7029642454717008
0.5915263106142093
0.799166755433932
0.7846982153834782
0.8786319270614719
0.9447433564375175
0.853910454247265
0.9855219405593912
1.2047931756585317
0.6985920732081341
0.7088158128868317
0.6222121431188941
0.6050260243312876
0.8691373715738054
0.611917958395715
0.6899584927688465
0.7960698619957625
0.6316600372351332
0.6596243490417316
0.6236030189106442
0.6939276890225642
0.7768796328297081
0.5381855864018719
0.8177766119834157
0.7354576978949693
0.8632794290747119
0.932663946562383
0.6770534106920055
0.714225560645389
0.8505339465258462
0.7041238031707251
0.6839676909541517
0.7261415089591435
0.8785503311651125
0.7382222101071072
1.1346274901799256
0.9025610571994377
1.2658992198717147
0.6620689144568603
1.065511799176399
1.6382617816827596
0.7302632120387662
0.7959217238762959
0.8872319666343209
0.6042424451659515
0.8877270241342029
0.6127325652056326
0.923037950418514
0.5732566769040927
0.9287804896360364
0.5943049261377398
0.8759559619216394
0.7322616173901791
0.6352783554834892
0.8002578368598019
0.6723069932646196
0.6163280369659155
0.8611335929638929
0.7477530758789326
0.672607272629849
0.8276350141406854
0.7292174251116622
0.7063525107630971
0.7370776065176763
0.8431400369194763
0.8503584895283586
0.9479585937237854
0.5981226479438286
0.7437912963510774
0.8615609589541984
0.9457644209454965
0.6620973578831544
0.6045407555584992
0.6957186044006076
0.7914002468035363
0.5764144026848748
0.6616725928792425
0.7344890194568985
0.8227321892403103
0.811171136502786
0.878390698446174
0.9965419995945961
0.7133511725984273
0.6924515192365621
0.8930368180854676
1.560999167312402
0.6564148088273773
0.6804546172813041
0.8052141462366003
0.7595505723667028
0.950502480055139
1.1100884914622728
0.6566855033435653
0.5428644478776055
0.5364237046261378
0.6133459320678879
0.5918545066908242
0.7960681421107606
0.537175716000695
0.7843815980017045
0.5942576165801562
0.6706917259749446
0.8288886234824029
1.044386999043222
0.7939610537046329
0.8953496622517249
0.8513959055801618
0.7480316199414201
0.5995288936508746
0.8901311611648465
0.7319907283680658
0.7918855530068043
0.6535187407676155
0.9115937258645528
0.9908888415156197
0.8345547890563251
0.7085491095222833
0.8259899173422404
0.9965764632708773
0.7240949726906845
0.8611611701972416
0.9402011926576191
0.6926720482728334
0.7732127936565113
1.0872485856946512
0.9458232695546878
1.0441062928879843
0.7508977507313943
0.6873177181055662
0.6745253105704043
0.5986308309100653
1.0428359857409402
0.5935964301478502
0.7094967220447663
0.5684435554703825
0.6878465696193133
0.8682130862199027
0.807003819069876
0.745193602093812
0.748854476597747
0.7788782390531102
0.7874502177203951
0.7001087773304827
0.9457644209454965
0.7213185931357808
0.6486564403513009
0.9979305302241599
0.7146708387308933
0.5958634392396183
0.669920649573222
0.8613730721072528
1.2202796104994016
0.614824575722142
0.8078861289323634
0.585233192426651
0.46028105278250087
0.7830240389381463
0.714202715793334
0.9246375707444799
0.5337617637588594
1.598343076037082
0.6411802425066485
0.5543281817497482
0.5482488095314498
0.7367769409308468
0.9165261891466814
0.7454726884430009
1.040296611823476
0.5812079574450045
0.6778469814374267
1.2658992198717147
0.6588111788008373
0.7524543222968637
0.634257327946841
0.8522533562796616
0.6396555633829767
0.9457644209454965
0.6861476049424945
0.7928248751250497
0.5336802317577003
0.8899657853121805
0.6211102288967231
0.6491433465812813
0.8475675376287515
0.7450183609894439
0.828615287893432
0.7241416095631458
0.6025271686262107
0.5966816976733381
0.6669850809731901
0.6593707602770036
0.6045310217800827
0.8013475314652275
0.6623987183176386
0.7222839531740997
0.9457644209454965
0.7551665896232581
0.6509113072440951
0.7930963638656318
0.7298346023186592
0.8823773653216299
0.5026796142204036
0.6750568766651646
0.6143128074622339
0.9475413221846019
0.6169992083071719
0.7920745880318109
0.7471508711233484
0.6330727792124451
0.6498135558927002
0.8085413217923283
0.6276587600193159
0.7871574971202542
0.7380176028253952
0.8078207602339821
0.7005485059918318
0.581800850016124
0.5366660561482726
0.5486497269942178
0.5829894559818702
0.5972513886111774
0.794141122268633
0.7548931825077896
0.7977241969102372
0.6787110064473898
0.6378621588047539
0.8058669047956937
0.6522897412291451
0.935937276031187
0.6258421709463206
0.6830590387425878
0.7245059340202017
0.7607236481797871
0.8560890325120767
0.8013590529309406
1.0151528539994683
0.8818038859122368
0.8455417266820596
0.715620706291425
0.5003456546046181
0.7350511616159379
0.8231419575424086
0.944227889903405
0.944227889903405
0.8384783332687595
0.6624384312230759
0.8669383892494719
1.1644817375829097
0.8467114956680883
0.6743459374389177
0.6549336634044776
0.6794774171082317
0.8266213948108707
1.0497285670325864
1.1982915696406413
0.5550055221107065
0.6629562914967
1.306244332431131
0.7941619895989332
0.977204740404093
0.8516690355233624
0.87361620574789
0.8930133543081638
1.1456016276232246
0.7545539450905305
0.8275627574380527
0.8632042973698835
0.8900222126554523
0.7234333930435695
0.679170174462161
0.6275121042644398
0.8059876682594412
0.8664707553812362
0.8664707553812362
0.6289299390919159
0.9188547835023176
0.7105999057745839
0.6780851809606381
1.4341877564051826
0.9182387739597302
1.0543099588943825
0.7557484530521668
0.8140945856824586
0.7707382963382452
0.7125487476741497
0.6514829140308923
0.7515032437142235
0.788068270975261
0.5957618817043168
0.664683234640704
0.8538875309980302
1.4715957095695054
2.033283112857167
0.682474845198139
0.814112188428261
0.7997158206245025
0.6584648676348761
0.6397188289155831
0.6874630545535209
0.6564250040119071
0.7410224202265305
0.6750936376805414
0.7060525972243008
0.7631061750830329
0.7600835832573181
0.5372523734555421
0.6654635296759269
0.5649984253695197
0.8181741580674099
0.5649984253695197
0.6999997079817128
0.7856431185401564
0.6859932824939605
0.7593882126802691
0.6839888713294598
0.7614813341159252
0.7152222442804295
0.873126081248907
0.863632799158167
0.533263851894772
1.2407787415191407
0.689004653689864
0.8432867653536876
0.6194482721029252
0.728275777959429
0.8783085150257083
0.9037927851879072
0.7998547960092105
0.6886784727948516
0.6225345174319062
0.8522838688957587
0.7867110851972138
0.9855219405593912
0.6164209643221018
0.8515621808528341
0.7687166352863418
0.8785431287234606
0.5783307625460049
1.2173106252074648
0.9444870951504553
0.9666520733272614
0.5903275265590316
0.7446135419856443
0.5595848278419919
0.7352379373534456
0.7391885022910005
0.7593323428559678
0.6882924460980478
0.7354576978949693
0.5298963250548009
0.8585086541281743
0.714225560645389
0.8505339465258462
0.7386257479050805
0.6228704266987982
0.654824036951835
0.7406748109413128
1.1346274901799256
0.7104249586577105
2.67176085823421
0.8098528923411257
0.6628886221227933
0.781002919476687
0.7635506572936654
0.7751776398885778
0.7302632120387662
1.1608329035903486
0.7297835636841759
0.582447453114247
0.5961037608980232
0.9277876200221998
0.8990106507196044
0.8872319666343209
0.9788340265240978
0.7180936035754233
0.7045547383866472
0.6127325652056326
1.0471341299583392
0.7072433195207218
0.7072433195207218
0.9287804896360364
1.4286468109884722
0.8759559619216394
0.6646571835153265
0.99492686971357
0.8526323425651716
0.6717698924919293
0.69115525043505
1.1576114346024446
0.8526323425651716
0.672607272629849
0.7324595995500848
0.6460166923719968
0.7292174251116622
0.629298193632476
0.6457220874602323
0.8157009874062382
1.1023369527453388
0.8503584895283586
0.9099239283467474
0.5981226479438286
0.6365488437361558
0.7000618299025074
0.9457644209454965
0.7291744747545706
0.7451014860259635
0.8380641241673589
0.7182162131192336
1.0273593185173415
0.864283282623738
0.7992369409144199
0.6398741314520493
0.7452219651508728
0.9504738463253245
0.5765492567716213
0.5797771971512143
1.560999167312402
0.6804546172813041
0.6607672531205326
0.9114912400083677
1.0495248802759982
0.6475363168000409
0.7749337499852317
0.6728111013347609
1.2655370291619552
0.8057387120821821
0.8098781019157993
1.002249673926988
0.537175716000695
0.5658871363878506
1.2919972621461615
0.727984554088585
0.682916812820063
0.6585332479080865
0.8953496622517249
0.5698755448985148
0.6588226867473882
0.5958562691806745
0.6582327425213684
0.6034110421301693
0.5916375511008626
0.968380143074439
0.6096817906302302
0.6950584169099682
0.6273932781153896
0.8877574190560018
0.80160110107696
1.1384085690972066
0.8354760047670837
0.8112082101483907
0.8285163741186813
0.9965764632708773
0.953874098820025
0.7902810665621731
0.8733727046215961
0.6745253105704043
0.7421505030381009
0.7482990228228501
0.7381666445225668
0.8160202857405179
0.807003819069876
0.748854476597747
0.6815984662108099
0.7874502177203951
0.9036927386390736
0.9457644209454965
0.700669461688432
0.6486564403513009
0.6312128401750454
0.5898806158706382
0.7500875747057197
1.1466732506519095
0.6629247219443312
0.8444871525757782
0.9674766458082328
0.8078861289323634
0.46028105278250087
0.7570281853283347
0.5509633943085641
0.5337617637588594
1.598343076037082
1.0357198746588867
0.7119229359094892
0.9338430539859987
0.7519753763917261
0.9457644209454965
0.6376590255116226
0.9049622589581479
0.9457644209454965
0.9403079621149864
0.5336802317577003
0.816058686641632
0.7241331078584529
0.5834158266020965
0.5540126929535097
0.7329721288728965
0.6880684476394062
0.7553816006014996
0.6025271686262107
0.9670012890998622
0.5594669648973662
0.8304906760955003
0.8363785462694207
0.7110963994909982
0.8201297601513613
0.6776001333266067
1.6280341047265685
0.7557172605144094
0.8542435091391832
0.7371555525068914
0.8711802997890364
0.7637556862839903
0.8752373039172434
0.7222839531740997
0.9457644209454965
0.7551665896232581
0.8823773653216299
0.7120182033645289
0.8876652655121177
1.0493725862871799
0.9457644209454965
0.7311110980722768
0.7211301944486872
0.5381805239624777
0.6498135558927002
0.7525030438010886
0.656409054391448
0.6787511342784995
0.5366660561482726
0.7125087214198628
0.8395701984174797
0.6648725838785755
0.676192918310034
0.8980224665255391
0.7548931825077896
0.9092289464750861
0.9217292230860978
0.7316607945351845
0.8058669047956937
1.1174143279749171
0.5036447222912893
0.6522897412291451
0.5813490877489527
1.3870543938877835
0.703497321914193
0.7422743175011617
0.7933126821305317
0.946548310713303
0.6314005824833416
0.5466904326176341
0.6311605339801266
0.7273633170993224
0.6952788562381309
0.5748057131211133
0.8818038859122368
0.6886252853508481
0.5850925960193483
0.7366257220898914
0.6931491387009386
0.8570317554744348
0.6681647288416332
0.8114979830942269
0.9094214133348504
0.8439259489056047
1.1705194655264026
0.9737507876496525
0.6418978113368966
0.6065292014208447
0.9484943170799683
0.7693397264517585
1.01382143045025
0.7061523171531993
0.7643614685260295
0.9406574929721493
1.096038213116563
0.6810699263651322
0.6948779423779167
0.6653037144607883
0.590381001716583
0.6868781133028723
0.6868781133028723
0.8187099615893877
0.7054434536073264
0.9443422477105872
0.5999307046530862
0.7431789671793059
0.7984233275775295
0.8066181361217665
0.7162853432575752
0.73674640881446
0.6453810767587039
0.8561138210562357
1.022436946115515
0.7220124121754786
0.7515032437142235
0.9230411077761919
0.6509231558441031
0.9217101386238435
0.6487743399239658
0.8015133128625389
0.8226517701090027
0.8073067697803731
0.6067285748293907
0.7304916428683753
0.7118648195093842
0.6862320860440316
0.7648205509027128
0.6938340584324453
0.7860095143980902
0.7692948497572044
0.6381164450284308
1.3690656622066535
0.5823757241143438
0.7129054575797154
0.8503088746505463
1.0745996594045828
0.7462926820509155
0.5643690835669809
0.6345575590648238
0.6259739399152083
1.0219155121112653
0.6361891871204748
0.6185614633770592
0.8853822700785337
0.5415018132847474
0.6186165672796493
0.8135690017950297
0.6127479505850955
0.629542944355073
0.8785431287234606
1.1505064126033193
0.7621741815845088
0.6786222306034562
0.9461845811978841
0.5862066955058631
0.7627318533219357
0.8642180963644194
0.608412195126605
1.2233225990130268
0.9004127640324672
0.7948707486479165
0.6026228990151999
0.9490762710406411
1.0919986389527425
0.7382059489401911
0.750964135798141
0.6945491606125722
0.5846809689218202
0.6171810993608963
0.8177766119834157
0.6563936217420195
0.6399896045284018
0.7721614739360244
0.6567653944057591
0.7382222101071072
0.6904685689659534
0.8108105210667802
0.8163652834777312
0.5531225561030072
0.8981835502713696
0.7719211706090906
0.7643691790239961
0.6960571765259578
0.6797403769712056
0.6797403769712056
0.6670609652558729
0.5552769112538185
0.7369127718931368
0.7835063242575491
0.7641832953919313
1.0637542035398582
0.8276350141406854
0.640628065967823
0.7847822793976251
0.8900938185817255
0.6761426387400054
0.5856902592036435
0.6960591338788775
0.6360679729471173
0.6900339999923195
1.0926199289530987
0.6104999021392209
1.0396531641710578
0.7129054575797154
0.8174492589122735
0.652026628968403
0.7443817130610105
0.7759179597638922
0.8514473836605234
0.6946275907541788
0.5677612361341805
0.6939459651818995
0.5670286142749633
0.6555341420563447
0.5918545066908242
0.7416121217649168
0.7632325480584604
0.8431928590170059
0.7843815980017045
0.6386155958771356
0.9364641945362799
0.5684765742824612
0.6193680197695403
0.63437887447777
0.6546869999280844
0.7572812910593228
0.7043362080631109
0.7087345883554298
0.9402011926576191
0.6926720482728334
0.7847425594225373
0.884002636616195
0.5844577755209935
0.8459912176964604
0.8685372261825558
0.7078323106770985
0.5781284304960194
0.6868781133028723
0.6327302868361456
0.6600281357570145
0.5124974109929508
0.5744890072260268
0.5987180976870692
0.6450432570745098
1.0182353958202361
0.5252850296333362
0.4973596679455226
0.5834158266020965
0.5490216285118448
0.5579863954013491
0.5832928034556406
0.7582268789752291
0.5749138138526748
0.581800850016124
0.5457412160790407
0.6953285234886561
0.9217292230860978
0.575415780946458
0.5947445811517749
0.8911018673736292
0.6912347634531946
0.6374651355742781
0.5242528977008036
0.6864553270714473
1.01966353262561
0.7062155193850707
0.6060069141394777
0.839528090140802
1.080977357491351
0.810685917967108
0.6850738171373314
0.6665074826514543
0.5391562656480243
0.5960501419215801
0.6315684439206235
0.6414112427949311
0.7542548586888967
0.6503091132003292
0.6859359518373703
0.705273223742408
0.7039573062306469
1.495480284899703
0.7230483902806588
0.6506507621047343
1.027713287260345
0.603269941172749
1.1252214025815441
0.6518623245067884
0.6671347489219762
1.1468824547482104
0.674108448093639
0.5905624925894157
0.7276982379481943
0.6467359229519674
0.9447433564375175
1.4683523379702605
0.7519753763917261
0.7687166352863418
0.7088158128868317
0.8239478474697904
0.7960698619957625
0.9444870951504553
1.0083800359817503
0.8016015887298591
0.9490762710406411
0.8450350538157805
0.8082271251450698
0.5736171342454448
0.7593323428559678
0.5778554676028387
0.8673897645739611
0.8149088181724196
0.7638453597825704
0.6735816911798681
0.797882660996629
0.6922888607294723
1.065511799176399
0.6771024498889838
0.7072433195207218
1.3680701810372862
0.8695030921090866
0.6717698924919293
0.673679298079192
0.9110973873739773
0.581849147661279
0.7477530758789326
0.8499566685749848
0.6457220874602323
0.6620085835398439
1.1023369527453388
0.7832780364208735
0.7288357230448957
1.0181000906349296
0.6391568833920761
0.8615609589541984
0.7955789006466599
0.5343188163441848
1.4039513705634536
0.7231358060436057
0.5825980404810531
0.6924515192365621
0.7000170985515596
0.950502480055139
0.6531131176484982
0.6607672531205326
0.8919542047556943
0.6566855033435653
0.6555341420563447
0.8098781019157993
1.0979252566875364
1.2919972621461615
0.9382877777334676
0.7960963227951978
0.8456736460018406
0.8361674209113997
0.5698755448985148
0.7905911729464726
0.5995288936508746
0.62301936877523
0.8285163741186813
0.8345547890563251
0.7675175745012004
0.899427921084349
0.8548930772763497
1.0872485856946512
0.6135495194561449
0.6190301896210768
0.9458232695546878
0.6382666636040205
0.7070358710563458
0.7421505030381009
0.7424081921594712
0.7612728434226855
0.5829990056321505
0.8593575352930823
0.6682572895199215
0.616320469294497
0.7146708387308933
0.6355738990998172
0.9163287848551519
0.558270740872234
0.6157811319379004
0.6468431960784895
0.669920649573222
0.5976804904198281
0.9674766458082328
0.585233192426651
0.7458636172464762
0.7830240389381463
0.684696363928766
0.6952392839067079
0.5636073307416016
0.7133450322968332
0.9099060683654373
1.2658992198717147
0.8675995969623479
0.9338430539859987
0.7805669197746258
1.1686460231742224
0.9457644209454965
0.7148838100712757
0.6234976318385216
0.6072351241378998
0.536488139673369
0.755723082352338
0.6014346591810402
0.7637143715374333
0.8422953733110949
0.6892353163174146
1.002975864810339
0.7336116914231975
0.7968406116931126
0.7241331078584529
0.67082812465923
0.5540126929535097
0.678853917656916
0.5655183445409452
0.8133497848952775
0.7288388445943733
0.6048529539859068
0.6091027526120013
0.6450805052938651
0.6045310217800827
0.6937110694181112
1.0855599019468338
0.9284633269372409
0.8157751807149689
0.6987620030384023
0.8995096076828677
0.7140000556037265
0.5828444871823764
0.7435449589813389
0.6292608284480468
0.7120182033645289
0.9457644209454965
0.6584885421214665
0.7466036437043592
0.6173273054413336
0.7261562590665053
0.6218079264222375
0.8381061705310405
0.6424343081385927
0.7271246896576147
0.5381805239624777
0.8167325935393147
0.6440548287753312
0.6587083601093252
0.7125087214198628
0.7288133531388589
0.6648725838785755
0.9041710182205073
0.6310360862148461
0.7977241969102372
0.6502774007382534
0.6921945804800224
0.6731879639025958
0.6691470159974442
0.8455417266820596
0.5873143308012665
0.9231914511070739
1.005095979468989
0.6123431342206123
0.7385899925281546
0.5813490877489527
0.7422743175011617
0.604693092326484
0.675326866022349
0.6311605339801266
0.7071810279013688
0.6261309371655286
0.5839063664687222
0.8967013974235831
0.6900736601206113
0.8331219214899763
0.7571191836523289
0.7430191802878028
0.7132294795376911
0.5624715025088112
0.6864553270714473
0.6857389090599478
0.6047107330614668
0.7782667930661719
0.8927256399489465
0.6397635841977534
0.6955107546043334
2.5870524252256937
0.93539895608616
0.7449816913462949
0.9680582972363367
0.7461416299603054
0.6318091997442995
0.7016332194729673
0.7279480692930543
0.5306942767114899
0.7540402553306934
1.1249002585838082
0.9465942164322829
1.2496420977952833
0.9606543287456452
0.894061134565157
0.8284352837058011
1.1347329653407443
0.6139831878178038
0.8930133543081638
1.1456016276232246
0.9328111042001744
0.6896946277617659
0.6258355454964026
0.8321343596618859
0.9014698468889691
1.088174852981004
0.5948703380635245
0.5732214016696928
0.720283439762379
0.8907211704149226
0.6564025903622693
1.0001286327685428
0.9462378644424463
0.6903856405586702
0.5957524528866158
0.9366546775852358
0.6290273687534742
0.7708215020857482
0.6194482721029252
0.8296358300335277
0.6929594932950082
0.6671347489219762
0.674108448093639
0.8522838688957587
0.5415018132847474
0.567532693613882
0.8239478474697904
0.7328381477164829
0.9092083295515849
0.8016015887298591
0.5651429037232892
0.5228894735416154
1.09396765867465
0.6551297931385133
0.8417417824374728
0.8673897645739611
0.8347799680339907
0.9025610571994377
0.7225035261002503
1.2658992198717147
0.9654778153324588
0.6771024498889838
0.7865922727151545
0.9902535729061898
0.8091615237261801
0.7226156809539761
0.7976582918577192
0.6717698924919293
0.9110973873739773
0.8499566685749848
0.6714293660318229
0.7971933385729919
0.6760208318688373
0.8380641241673589
0.7344890194568985
0.9152824323553355
0.7711636494021467
0.6398741314520493
0.950502480055139
0.8361674209113997
0.682916812820063
0.7188227710056975
0.6789091187952536
0.7254035108000606
0.7064226638226492
0.5262017083331805
0.7012187647271935
0.669920649573222
0.7296528317736596
0.5509633943085641
0.7133450322968332
0.7072433195207218
1.1561743289828617
0.6630832515110969
0.678853917656916
0.8475675376287515
0.5925415053573058
0.6921668531964884
0.6407791779795936
0.6768723171852319
0.7129307672118443
0.8157751807149689
0.6987620030384023
0.8995096076828677
0.613639462844834
0.7271246896576147
0.6578728271769597
0.5486497269942178
0.9870440893985624
0.6416754507050118
0.6247558825733216
0.7679327590274931
0.7774575105874315
0.5968407868570434
0.8967013974235831
0.8384783332687595
0.6794774171082317
0.6530184044829903
1.1982915696406413
0.6772317434620192
0.6256921701583416
0.5705195843304616
1.2117301452884846
1.2093888205232344
0.7558503194791377
0.6421859933905036
0.7234333930435695
0.5775705484895808
0.6289299390919159
0.6258355454964026
0.6192119051263948
0.6226178382351766
0.7707382963382452
0.664683234640704
0.8492728023357303
0.691107534595029
0.7542548586888967
0.73005759836177
0.7410224202265305
0.6312339652933011
0.7856431185401564
0.6999997079817128
0.6411410628856715
0.8526323174871782
0.7856431185401564
0.5508456043113147
0.6885027284393272
0.7846982153834782
0.6806025951950448
0.8785431287234606
0.8691373715738054
0.7388019933703701
0.611917958395715
0.7948707486479165
0.5903275265590316
0.7352379373534456
0.6882924460980478
0.8864479249757172
0.714225560645389
0.7386257479050805
0.6620689144568603
0.797882660996629
0.924049987059134
0.5736228282787876
0.8877270241342029
0.6163280369659155
1.1576114346024446
0.7909058178285786
0.8313198590299875
0.6719914402076187
0.8503584895283586
0.8526323174871782
0.9965419995945961
0.6755043716011391
0.7610667751370341
0.6585332479080865
0.7000353917608751
0.7480316199414201
0.5742940875832342
0.7422046435557204
0.5554607956402563
0.8354760047670837
0.5978573007019353
0.8611611701972416
0.648574893278001
0.8548930772763497
0.6451323444871613
1.0428359857409402
0.7381666445225668
0.6210008942536411
0.6327302868361456
0.7001087773304827
0.9036927386390736
0.9979305302241599
0.6561682736202525
0.8046400118785346
0.9246375707444799
0.8275680390394433
0.6411802425066485
0.5543281817497482
0.5812079574450045
0.7524543222968637
0.6710045263207107
0.6396555633829767
0.6376590255116226
0.7928248751250497
0.7163616478120923
0.8022458262658597
0.8072416589440568
0.6085452034030939
0.7728346564905837
0.8475675376287515
0.6025271686262107
0.6315614463034759
0.6669850809731901
0.6593707602770036
0.6198215219649121
0.8542435091391832
0.6623987183176386
0.8752373039172434
0.8631895791513078
0.49386908421798337
0.9475413221846019
0.6498135558927002
0.6276587600193159
0.7005485059918318
0.5486497269942178
0.6218949309319938
0.6496801245819768
1.283348704988441
0.6330635061060367
0.7245059340202017
0.6421182255812794
1.0649955819747434
0.8587245783951598
0.9184373156743096
0.6931491387009386
0.5456660955779021
0.5550055221107065
0.8570317554744348
0.6681647288416332
0.8114979830942269
0.9094214133348504
0.6017140727429175
0.6212498772603663
0.8439259489056047
0.6672001936489849
0.6790586340718439
0.625343309694549
0.6331631497354322
0.7424583738384742
1.1705194655264026
0.9737507876496525
0.6418978113368966
0.6065292014208447
0.9484943170799683
0.7693397264517585
1.01382143045025
0.7061523171531993
0.7643614685260295
0.6810699263651322
0.6948779423779167
0.9399980797080274
0.6653037144607883
0.7054434536073264
0.9443422477105872
0.5999307046530862
0.7431789671793059
0.7984233275775295
0.8066181361217665
0.7162853432575752
0.7679292607145617
1.022436946115515
0.7220124121754786
0.8015133128625389
0.6067285748293907
0.7304916428683753
0.923355034477657
0.7648205509027128
0.6938340584324453
0.7860095143980902
0.6381164450284308
0.5823757241143438
0.7129054575797154
0.8503088746505463
0.7462926820509155
0.6345575590648238
0.6259739399152083
1.0219155121112653
0.6361891871204748
0.6185614633770592
0.8853822700785337
0.5415018132847474
0.6777799430070685
0.6186165672796493
0.8135690017950297
0.6127479505850955
0.629542944355073
0.6786222306034562
0.734804419601729
0.7642917310001006
0.8186041269739094
1.0919986389527425
0.7382059489401911
0.750964135798141
0.8555391283717896
0.7063908958684263
0.861483908813999
0.5846809689218202
0.7721614739360244
0.7382222101071072
0.5531225561030072
0.8981835502713696
0.7719211706090906
0.6217481558170841
0.6042424451659515
0.6960571765259578
0.7963624306987125
0.5552769112538185
0.7835063242575491
0.9683647815261484
1.0637542035398582
0.8276350141406854
0.640628065967823
0.7847822793976251
0.8900938185817255
0.6761426387400054
0.5856902592036435
0.9630921551242922
0.5949616476763674
0.6360679729471173
0.6900339999923195
1.0926199289530987
0.7129054575797154
0.8174492589122735
0.7443817130610105
0.7452219651508728
0.7759179597638922
0.8514473836605234
0.6946275907541788
0.5677612361341805
0.6939459651818995
0.5670286142749633
0.6555341420563447
0.5918545066908242
0.537175716000695
0.9364641945362799
0.6193680197695403
0.7043362080631109
0.7087345883554298
0.9402011926576191
0.6926720482728334
0.7847425594225373
0.884002636616195
0.5844577755209935
0.8459912176964604
0.7078323106770985
0.5781284304960194
0.6327302868361456
0.5124974109929508
0.5744890072260268
0.46028105278250087
1.0182353958202361
1.085416221540085
0.5543281817497482
0.9702745451054892
0.5834158266020965
0.5579863954013491
0.5610203419481945
0.581800850016124
0.5457412160790407
0.5947445811517749
0.6912347634531946
0.6374651355742781
0.5242528977008036
0.6931330879926993
0.6857389090599478
0.6047107330614668
0.7782667930661719
0.7611670164908
0.8535911248787341
0.7461416299603054
0.5306942767114899
0.874572744990029
0.9606543287456452
0.5739243480814914
0.7589809523828346
0.6850738171373314
0.6964252365584215
0.6046965966913468
0.6024953522570303
0.6700042490462447
0.769254388831997
0.6289299390919159
0.7974566342054206
0.8321343596618859
0.8801330405639436
0.6053092264985519
0.5948703380635245
0.5732214016696928
0.8195051277172198
0.5957618817043168
0.6450313408552808
0.8492728023357303
0.6859359518373703
0.7000996440877088
0.7230483902806588
0.9900034288922639
0.7057280551790495
0.6506507621047343
1.027713287260345
0.5649984253695197
1.0001286327685428
0.603269941172749
0.8041360985756498
0.6903856405586702
0.5957524528866158
0.6290273687534742
0.7320674445454803
0.6518623245067884
0.6671347489219762
0.8866052735068632
0.674108448093639
0.5905624925894157
0.6225345174319062
0.6467359229519674
0.6806025951950448
0.9447433564375175
0.567532693613882
0.6395675226334175
0.9092083295515849
0.5914825811041714
1.0395376017553855
0.7775699809181014
1.0083800359817503
0.8450350538157805
0.8082271251450698
0.5736171342454448
0.7603174617943111
0.669386338478548
0.8417417824374728
0.8673897645739611
0.6267540926637073
0.8149088181724196
0.9734340113176063
0.7638453597825704
0.6628886221227933
0.7635506572936654
0.6922888607294723
0.6771024498889838
0.667453929192825
0.9788340265240978
0.7045547383866472
0.7865922727151545
0.7072433195207218
0.735255179843278
0.8091615237261801
0.7226156809539761
0.9107056411899149
0.8526323425651716
0.673679298079192
0.9110973873739773
0.8664519195124463
0.581849147661279
0.8499566685749848
0.629298193632476
0.6457220874602323
0.6714293660318229
0.7832780364208735
0.7291744747545706
0.7955789006466599
0.8380641241673589
0.6745193067335901
1.4039513705634536
0.5825980404810531
0.9273162451926047
0.6533170868084711
0.7556708788078118
0.8623872213962096
0.6193930950346016
0.6528416073196016
0.7981321453213291
1.966054241297128
0.8146857125909303
0.5854995112597033
0.7333371752257346
1.044386999043222
0.6565251218424989
0.9706925562968806
0.8513959055801618
0.62301936877523
0.6193680197695403
0.6744285081618022
0.9486035692686292
0.5978573007019353
0.6462885117541447
0.7675175745012004
0.7240949726906845
0.6789091187952536
0.683366012935894
0.7095574986701535
0.9900504283481288
0.7254035108000606
0.7732127936565113
0.6135495194561449
0.9458232695546878
0.7070358710563458
0.7424081921594712
0.7682865069322982
0.6958824285166116
0.5608693054768423
0.9036655504035805
0.807003819069876
0.5889860169166948
0.7612728434226855
0.7064226638226492
0.9035552066128012
0.5829990056321505
0.5261227951233948
0.5262017083331805
0.6682572895199215
0.7012187647271935
0.8259451681941506
0.675808820608021
0.9674766458082328
0.7458636172464762
0.684696363928766
0.6871229313119993
0.5989806358865771
0.7119229359094892
0.6643278277251097
0.7071674641861833
0.9165261891466814
0.6676757113646663
0.8675995969623479
0.9338430539859987
0.8243648137177971
1.1686460231742224
0.9457644209454965
0.7072433195207218
0.7066743828970915
0.8422953733110949
0.7336116914231975
0.6384486104734381
0.6937110694181112
0.731554679543978
1.0855599019468338
0.6401490345421239
0.9284633269372409
0.6953000418123697
0.590857522915489
0.8995096076828677
0.7637556862839903
0.6466165519697048
0.7415877338961665
0.9422595103578828
0.6584885421214665
0.6218079264222375
0.6494954735514419
0.6475704186631334
0.8167325935393147
0.7380176028253952
0.6440548287753312
0.656409054391448
0.7509397903412597
0.676192918310034
0.5829894559818702
0.8319893740592225
0.6310360862148461
0.6300633312490656
0.6899321020769985
0.575415780946458
0.7435039399936252
0.6192734424462042
0.9231914511070739
1.005095979468989
0.5823451183608973
0.6496801245819768
0.6123431342206123
0.7385899925281546
0.5813490877489527
0.6493211533071656
0.7109567151827548
0.6810562259903749
0.7933126821305317
0.8126277157545044
0.6311605339801266
0.7378505600691803
0.8967013974235831
0.6529428986724108
0.5887769355538871
0.8301376732963506
0.9789548811690879
0.7430191802878028
0.5624715025088112
0.5850925960193483